   3.4800D-03  4.0640D-05
   6.9600D-03  1.6204D-04
   1.0440D-02  3.6342D-04
   1.3920D-02  6.4402D-04
   1.7400D-02  1.0031D-03
   2.0880D-02  1.4398D-03
   2.4360D-02  1.9534D-03
   2.7840D-02  2.5431D-03
   3.1320D-02  3.2083D-03
   3.4800D-02  3.9480D-03
   3.8280D-02  4.7616D-03
   4.1760D-02  5.6483D-03
   4.5240D-02  6.6074D-03
   4.8720D-02  7.6381D-03
   5.2200D-02  8.7396D-03
   5.5680D-02  9.9113D-03
   5.9160D-02  1.1152D-02
   6.2640D-02  1.2462D-02
   6.6120D-02  1.3840D-02
   6.9600D-02  1.5284D-02
   7.3080D-02  1.6795D-02
   7.6560D-02  1.8372D-02
   8.0040D-02  2.0014D-02
   8.3520D-02  2.1720D-02
   8.7000D-02  2.3490D-02
   9.0480D-02  2.5322D-02
   9.3960D-02  2.7216D-02
   9.7440D-02  2.9172D-02
   1.0092D-01  3.1189D-02
   1.0440D-01  3.3265D-02
   1.0788D-01  3.5401D-02
   1.1136D-01  3.7595D-02
   1.1484D-01  3.9847D-02
   1.1832D-01  4.2156D-02
   1.2180D-01  4.4521D-02
   1.2528D-01  4.6942D-02
   1.2876D-01  4.9419D-02
   1.3224D-01  5.1949D-02
   1.3572D-01  5.4533D-02
   1.3920D-01  5.7171D-02
   1.4268D-01  5.9860D-02
   1.4616D-01  6.2601D-02
   1.4964D-01  6.5393D-02
   1.5312D-01  6.8235D-02
   1.5660D-01  7.1127D-02
   1.6008D-01  7.4067D-02
   1.6356D-01  7.7056D-02
   1.6704D-01  8.0093D-02
   1.7052D-01  8.3176D-02
   1.7400D-01  8.6305D-02
   1.7748D-01  8.9480D-02
   1.8096D-01  9.2700D-02
   1.8444D-01  9.5964D-02
   1.8792D-01  9.9272D-02
   1.9140D-01  1.0262D-01
   1.9488D-01  1.0602D-01
   1.9836D-01  1.0945D-01
   2.0184D-01  1.1293D-01
   2.0532D-01  1.1644D-01
   2.0880D-01  1.2000D-01
   2.1228D-01  1.2359D-01
   2.1576D-01  1.2723D-01
   2.1924D-01  1.3090D-01
   2.2272D-01  1.3460D-01
   2.2620D-01  1.3835D-01
   2.2968D-01  1.4213D-01
   2.3316D-01  1.4595D-01
   2.3664D-01  1.4980D-01
   2.4012D-01  1.5368D-01
   2.4360D-01  1.5760D-01
   2.4708D-01  1.6155D-01
   2.5056D-01  1.6553D-01
   2.5404D-01  1.6955D-01
   2.5752D-01  1.7359D-01
   2.6100D-01  1.7767D-01
   2.6448D-01  1.8178D-01
   2.6796D-01  1.8591D-01
   2.7144D-01  1.9008D-01
   2.7492D-01  1.9427D-01
   2.7840D-01  1.9849D-01
   2.8188D-01  2.0273D-01
   2.8536D-01  2.0700D-01
   2.8884D-01  2.1130D-01
   2.9232D-01  2.1563D-01
   2.9580D-01  2.1997D-01
   2.9928D-01  2.2435D-01
   3.0276D-01  2.2874D-01
   3.0624D-01  2.3316D-01
   3.0972D-01  2.3760D-01
   3.1320D-01  2.4206D-01
   3.1668D-01  2.4654D-01
   3.2016D-01  2.5105D-01
   3.2364D-01  2.5557D-01
   3.2712D-01  2.6011D-01
   3.3060D-01  2.6467D-01
   3.3408D-01  2.6925D-01
   3.3756D-01  2.7385D-01
   3.4104D-01  2.7846D-01
   3.4452D-01  2.8310D-01
   3.4800D-01  2.8774D-01
   3.5148D-01  2.9241D-01
   3.5496D-01  2.9708D-01
   3.5844D-01  3.0178D-01
   3.6192D-01  3.0648D-01
   3.6540D-01  3.1120D-01
   3.6888D-01  3.1593D-01
   3.7236D-01  3.2068D-01
   3.7584D-01  3.2544D-01
   3.7932D-01  3.3020D-01
   3.8280D-01  3.3498D-01
   3.8628D-01  3.3977D-01
   3.8976D-01  3.4457D-01
   3.9324D-01  3.4938D-01
   3.9672D-01  3.5420D-01
   4.0020D-01  3.5902D-01
   4.0368D-01  3.6386D-01
   4.0716D-01  3.6870D-01
   4.1064D-01  3.7354D-01
   4.1412D-01  3.7840D-01
   4.1760D-01  3.8325D-01
   4.2108D-01  3.8812D-01
   4.2456D-01  3.9299D-01
   4.2804D-01  3.9786D-01
   4.3152D-01  4.0274D-01
   4.3500D-01  4.0762D-01
   4.3848D-01  4.1250D-01
   4.4196D-01  4.1739D-01
   4.4544D-01  4.2227D-01
   4.4892D-01  4.2716D-01
   4.5240D-01  4.3205D-01
   4.5588D-01  4.3694D-01
   4.5936D-01  4.4183D-01
   4.6284D-01  4.4672D-01
   4.6632D-01  4.5161D-01
   4.6980D-01  4.5650D-01
   4.7328D-01  4.6138D-01
   4.7676D-01  4.6626D-01
   4.8024D-01  4.7114D-01
   4.8372D-01  4.7602D-01
   4.8720D-01  4.8089D-01
   4.9068D-01  4.8576D-01
   4.9416D-01  4.9063D-01
   4.9764D-01  4.9549D-01
   5.0112D-01  5.0034D-01
   5.0460D-01  5.0519D-01
   5.0808D-01  5.1003D-01
   5.1156D-01  5.1487D-01
   5.1504D-01  5.1969D-01
   5.1852D-01  5.2451D-01
   5.2200D-01  5.2933D-01
   5.2548D-01  5.3413D-01
   5.2896D-01  5.3893D-01
   5.3244D-01  5.4371D-01
   5.3592D-01  5.4849D-01
   5.3940D-01  5.5325D-01
   5.4288D-01  5.5801D-01
   5.4636D-01  5.6275D-01
   5.4984D-01  5.6749D-01
   5.5332D-01  5.7221D-01
   5.5680D-01  5.7692D-01
   5.6028D-01  5.8161D-01
   5.6376D-01  5.8630D-01
   5.6724D-01  5.9097D-01
   5.7072D-01  5.9562D-01
   5.7420D-01  6.0027D-01
   5.7768D-01  6.0489D-01
   5.8116D-01  6.0951D-01
   5.8464D-01  6.1410D-01
   5.8812D-01  6.1869D-01
   5.9160D-01  6.2325D-01
   5.9508D-01  6.2780D-01
   5.9856D-01  6.3234D-01
   6.0204D-01  6.3685D-01
   6.0552D-01  6.4135D-01
   6.0900D-01  6.4583D-01
   6.1248D-01  6.5029D-01
   6.1596D-01  6.5474D-01
   6.1944D-01  6.5916D-01
   6.2292D-01  6.6357D-01
   6.2640D-01  6.6795D-01
   6.2988D-01  6.7232D-01
   6.3336D-01  6.7667D-01
   6.3684D-01  6.8099D-01
   6.4032D-01  6.8529D-01
   6.4380D-01  6.8958D-01
   6.4728D-01  6.9384D-01
   6.5076D-01  6.9808D-01
   6.5424D-01  7.0229D-01
   6.5772D-01  7.0649D-01
   6.6120D-01  7.1066D-01
   6.6468D-01  7.1480D-01
   6.6816D-01  7.1893D-01
   6.7164D-01  7.2303D-01
   6.7512D-01  7.2710D-01
   6.7860D-01  7.3115D-01
   6.8208D-01  7.3518D-01
   6.8556D-01  7.3918D-01
   6.8904D-01  7.4316D-01
   6.9252D-01  7.4710D-01
   6.9600D-01  7.5103D-01
   6.9948D-01  7.5492D-01
   7.0296D-01  7.5879D-01
   7.0644D-01  7.6263D-01
   7.0992D-01  7.6645D-01
   7.1340D-01  7.7024D-01
   7.1688D-01  7.7400D-01
   7.2036D-01  7.7773D-01
   7.2384D-01  7.8143D-01
   7.2732D-01  7.8510D-01
   7.3080D-01  7.8875D-01
   7.3428D-01  7.9236D-01
   7.3776D-01  7.9595D-01
   7.4124D-01  7.9950D-01
   7.4472D-01  8.0303D-01
   7.4820D-01  8.0652D-01
   7.5168D-01  8.0999D-01
   7.5516D-01  8.1342D-01
   7.5864D-01  8.1682D-01
   7.6212D-01  8.2019D-01
   7.6560D-01  8.2353D-01
   7.6908D-01  8.2684D-01
   7.7256D-01  8.3011D-01
   7.7604D-01  8.3335D-01
   7.7952D-01  8.3656D-01
   7.8300D-01  8.3974D-01
   7.8648D-01  8.4288D-01
   7.8996D-01  8.4599D-01
   7.9344D-01  8.4906D-01
   7.9692D-01  8.5211D-01
   8.0040D-01  8.5511D-01
   8.0388D-01  8.5808D-01
   8.0736D-01  8.6102D-01
   8.1084D-01  8.6392D-01
   8.1432D-01  8.6679D-01
   8.1780D-01  8.6962D-01
   8.2128D-01  8.7242D-01
   8.2476D-01  8.7518D-01
   8.2824D-01  8.7790D-01
   8.3172D-01  8.8059D-01
   8.3520D-01  8.8324D-01
   8.3868D-01  8.8586D-01
   8.4216D-01  8.8844D-01
   8.4564D-01  8.9098D-01
   8.4912D-01  8.9348D-01
   8.5260D-01  8.9595D-01
   8.5608D-01  8.9838D-01
   8.5956D-01  9.0077D-01
   8.6304D-01  9.0312D-01
   8.6652D-01  9.0544D-01
   8.7000D-01  9.0771D-01
   8.7348D-01  9.0995D-01
   8.7696D-01  9.1215D-01
   8.8044D-01  9.1431D-01
   8.8392D-01  9.1643D-01
   8.8740D-01  9.1851D-01
   8.9088D-01  9.2055D-01
   8.9436D-01  9.2255D-01
   8.9784D-01  9.2451D-01
   9.0132D-01  9.2644D-01
   9.0480D-01  9.2832D-01
   9.0828D-01  9.3016D-01
   9.1176D-01  9.3196D-01
   9.1524D-01  9.3372D-01
   9.1872D-01  9.3544D-01
   9.2220D-01  9.3712D-01
   9.2568D-01  9.3875D-01
   9.2916D-01  9.4035D-01
   9.3264D-01  9.4190D-01
   9.3612D-01  9.4342D-01
   9.3960D-01  9.4489D-01
   9.4308D-01  9.4632D-01
   9.4656D-01  9.4770D-01
   9.5004D-01  9.4905D-01
   9.5352D-01  9.5035D-01
   9.5700D-01  9.5161D-01
   9.6048D-01  9.5283D-01
   9.6396D-01  9.5400D-01
   9.6744D-01  9.5514D-01
   9.7092D-01  9.5623D-01
   9.7440D-01  9.5727D-01
   9.7788D-01  9.5827D-01
   9.8136D-01  9.5924D-01
   9.8484D-01  9.6015D-01
   9.8832D-01  9.6103D-01
   9.9180D-01  9.6186D-01
   9.9528D-01  9.6264D-01
   9.9876D-01  9.6338D-01
   1.0022D+00  9.6408D-01
   1.0057D+00  9.6474D-01
   1.0092D+00  9.6535D-01
   1.0127D+00  9.6591D-01
   1.0162D+00  9.6643D-01
   1.0196D+00  9.6691D-01
   1.0231D+00  9.6734D-01
   1.0266D+00  9.6773D-01
   1.0301D+00  9.6808D-01
   1.0336D+00  9.6837D-01
   1.0370D+00  9.6863D-01
   1.0405D+00  9.6884D-01
   1.0440D+00  9.6900D-01
   1.0475D+00  9.6912D-01
   1.0510D+00  9.6920D-01
   1.0544D+00  9.6922D-01
   1.0579D+00  9.6921D-01
   1.0614D+00  9.6915D-01
   1.0649D+00  9.6904D-01
   1.0684D+00  9.6889D-01
   1.0718D+00  9.6869D-01
   1.0753D+00  9.6845D-01
   1.0788D+00  9.6816D-01
   1.0823D+00  9.6782D-01
   1.0858D+00  9.6744D-01
   1.0892D+00  9.6702D-01
   1.0927D+00  9.6655D-01
   1.0962D+00  9.6603D-01
   1.0997D+00  9.6547D-01
   1.1032D+00  9.6486D-01
   1.1066D+00  9.6420D-01
   1.1101D+00  9.6350D-01
   1.1136D+00  9.6275D-01
   1.1171D+00  9.6196D-01
   1.1206D+00  9.6112D-01
   1.1240D+00  9.6024D-01
   1.1275D+00  9.5930D-01
   1.1310D+00  9.5833D-01
   1.1345D+00  9.5730D-01
   1.1380D+00  9.5623D-01
   1.1414D+00  9.5512D-01
   1.1449D+00  9.5396D-01
   1.1484D+00  9.5275D-01
   1.1519D+00  9.5149D-01
   1.1554D+00  9.5019D-01
   1.1588D+00  9.4884D-01
   1.1623D+00  9.4745D-01
   1.1658D+00  9.4601D-01
   1.1693D+00  9.4452D-01
   1.1728D+00  9.4299D-01
   1.1762D+00  9.4141D-01
   1.1797D+00  9.3979D-01
   1.1832D+00  9.3812D-01
   1.1867D+00  9.3640D-01
   1.1902D+00  9.3464D-01
   1.1936D+00  9.3283D-01
   1.1971D+00  9.3097D-01
   1.2006D+00  9.2907D-01
   1.2041D+00  9.2712D-01
   1.2076D+00  9.2513D-01
   1.2110D+00  9.2309D-01
   1.2145D+00  9.2100D-01
   1.2180D+00  9.1886D-01
   1.2215D+00  9.1669D-01
   1.2250D+00  9.1446D-01
   1.2284D+00  9.1219D-01
   1.2319D+00  9.0987D-01
   1.2354D+00  9.0751D-01
   1.2389D+00  9.0510D-01
   1.2424D+00  9.0264D-01
   1.2458D+00  9.0014D-01
   1.2493D+00  8.9760D-01
   1.2528D+00  8.9500D-01
   1.2563D+00  8.9237D-01
   1.2598D+00  8.8968D-01
   1.2632D+00  8.8695D-01
   1.2667D+00  8.8418D-01
   1.2702D+00  8.8135D-01
   1.2737D+00  8.7849D-01
   1.2772D+00  8.7557D-01
   1.2806D+00  8.7262D-01
   1.2841D+00  8.6961D-01
   1.2876D+00  8.6656D-01
   1.2911D+00  8.6347D-01
   1.2946D+00  8.6033D-01
   1.2980D+00  8.5715D-01
   1.3015D+00  8.5392D-01
   1.3050D+00  8.5064D-01
   1.3085D+00  8.4732D-01
   1.3120D+00  8.4396D-01
   1.3154D+00  8.4055D-01
   1.3189D+00  8.3709D-01
   1.3224D+00  8.3359D-01
   1.3259D+00  8.3005D-01
   1.3294D+00  8.2646D-01
   1.3328D+00  8.2282D-01
   1.3363D+00  8.1914D-01
   1.3398D+00  8.1542D-01
   1.3433D+00  8.1165D-01
   1.3468D+00  8.0784D-01
   1.3502D+00  8.0398D-01
   1.3537D+00  8.0008D-01
   1.3572D+00  7.9613D-01
   1.3607D+00  7.9214D-01
   1.3642D+00  7.8811D-01
   1.3676D+00  7.8403D-01
   1.3711D+00  7.7991D-01
   1.3746D+00  7.7574D-01
   1.3781D+00  7.7153D-01
   1.3816D+00  7.6727D-01
   1.3850D+00  7.6297D-01
   1.3885D+00  7.5863D-01
   1.3920D+00  7.5424D-01
   1.3955D+00  7.4981D-01
   1.3990D+00  7.4534D-01
   1.4024D+00  7.4082D-01
   1.4059D+00  7.3626D-01
   1.4094D+00  7.3165D-01
   1.4129D+00  7.2700D-01
   1.4164D+00  7.2231D-01
   1.4198D+00  7.1757D-01
   1.4233D+00  7.1279D-01
   1.4268D+00  7.0797D-01
   1.4303D+00  7.0310D-01
   1.4338D+00  6.9819D-01
   1.4372D+00  6.9323D-01
   1.4407D+00  6.8824D-01
   1.4442D+00  6.8319D-01
   1.4477D+00  6.7811D-01
   1.4512D+00  6.7298D-01
   1.4546D+00  6.6781D-01
   1.4581D+00  6.6259D-01
   1.4616D+00  6.5733D-01
   1.4651D+00  6.5202D-01
   1.4686D+00  6.4668D-01
   1.4720D+00  6.4128D-01
   1.4755D+00  6.3585D-01
   1.4790D+00  6.3037D-01
   1.4825D+00  6.2484D-01
   1.4860D+00  6.1928D-01
   1.4894D+00  6.1366D-01
   1.4929D+00  6.0800D-01
   1.4964D+00  6.0230D-01
   1.4999D+00  5.9655D-01
   1.5034D+00  5.9076D-01
   1.5068D+00  5.8492D-01
   1.5103D+00  5.7904D-01
   1.5138D+00  5.7311D-01
   1.5173D+00  5.6714D-01
   1.5208D+00  5.6112D-01
   1.5242D+00  5.5505D-01
   1.5277D+00  5.4894D-01
   1.5312D+00  5.4278D-01
   1.5347D+00  5.3657D-01
   1.5382D+00  5.3031D-01
   1.5416D+00  5.2401D-01
   1.5451D+00  5.1765D-01
   1.5486D+00  5.1125D-01
   1.5521D+00  5.0480D-01
   1.5556D+00  4.9829D-01
   1.5590D+00  4.9174D-01
   1.5625D+00  4.8513D-01
   1.5660D+00  4.7848D-01
   1.5695D+00  4.7176D-01
   1.5730D+00  4.6500D-01
   1.5764D+00  4.5818D-01
   1.5799D+00  4.5130D-01
   1.5834D+00  4.4437D-01
   1.5869D+00  4.3738D-01
   1.5904D+00  4.3033D-01
   1.5938D+00  4.2322D-01
   1.5973D+00  4.1605D-01
   1.6008D+00  4.0882D-01
   1.6043D+00  4.0152D-01
   1.6078D+00  3.9415D-01
   1.6112D+00  3.8671D-01
   1.6147D+00  3.7921D-01
   1.6182D+00  3.7163D-01
   1.6217D+00  3.6398D-01
   1.6252D+00  3.5625D-01
   1.6286D+00  3.4843D-01
   1.6321D+00  3.4054D-01
   1.6356D+00  3.3256D-01
   1.6391D+00  3.2448D-01
   1.6426D+00  3.1631D-01
   1.6460D+00  3.0805D-01
   1.6495D+00  2.9967D-01
   1.6530D+00  2.9119D-01
   1.6565D+00  2.8259D-01
   1.6600D+00  2.7387D-01
   1.6634D+00  2.6502D-01
   1.6669D+00  2.5604D-01
   1.6704D+00  2.4690D-01
   1.6739D+00  2.3761D-01
   1.6774D+00  2.2814D-01
   1.6808D+00  2.1849D-01
   1.6843D+00  2.0864D-01
   1.6878D+00  1.9858D-01
   1.6913D+00  1.8828D-01
   1.6948D+00  1.7771D-01
   1.6982D+00  1.6686D-01
   1.7017D+00  1.5568D-01
   1.7052D+00  1.4413D-01
   1.7087D+00  1.3217D-01
   1.7122D+00  1.1974D-01
   1.7156D+00  1.0675D-01
   1.7191D+00  9.3117D-02
   1.7226D+00  7.8716D-02
   1.7261D+00  6.3391D-02
   1.7296D+00  4.6958D-02
   1.7330D+00  2.9276D-02
   1.7365D+00  1.0856D-02
   1.7400D+00  0.0000D+00