6.0670000000000005E-007
1.7760000000000000E-006
2.9480000000000000E-006
4.5430000000000004E-006
6.7760000000000000E-006
9.4539999999999996E-006
1.2580000000000000E-005
1.6140000000000001E-005
2.0149999999999999E-005
2.4610000000000000E-005
2.9499999999999999E-005
3.4829999999999997E-005
4.0599999999999998E-005
4.6810000000000001E-005
5.3460000000000000E-005
6.0540000000000000E-005
6.8050000000000001E-005
7.5989999999999996E-005
8.4369999999999994E-005
9.3159999999999996E-005
1.0240000000000000E-004
1.1200000000000000E-004
1.2210000000000001E-004
1.3260000000000000E-004
1.4349999999999999E-004
1.5480000000000000E-004
1.6650000000000001E-004
1.7860000000000000E-004
1.9120000000000001E-004
2.0410000000000000E-004
2.1750000000000000E-004
2.3120000000000001E-004
2.4530000000000000E-004
2.5980000000000003E-004
2.7470000000000001E-004
2.9000000000000000E-004
3.0560000000000000E-004
3.2160000000000001E-004
3.3799999999999998E-004
3.5480000000000000E-004
3.7189999999999999E-004
3.8939999999999998E-004
4.0719999999999998E-004
4.2539999999999999E-004
4.4390000000000000E-004
4.6279999999999997E-004
4.8200000000000001E-004
5.0149999999999999E-004
5.2139999999999999E-004
5.4160000000000005E-004
5.6200000000000000E-004
5.8279999999999996E-004
6.0400000000000004E-004
6.2540000000000002E-004
6.4709999999999995E-004
6.6900000000000000E-004
6.9130000000000005E-004
7.1389999999999995E-004
7.3669999999999996E-004
7.5980000000000004E-004
7.8310000000000001E-004
8.0679999999999999E-004
8.3060000000000002E-004
8.5470000000000001E-004
8.7909999999999996E-004
9.0359999999999995E-004
9.2840000000000002E-004
9.5350000000000003E-004
9.7870000000000010E-004
1.0039999999999999E-003
1.0300000000000001E-003
1.0560000000000001E-003
1.0820000000000001E-003
1.1080000000000000E-003
1.1340000000000000E-003
1.1609999999999999E-003
1.1869999999999999E-003
1.2140000000000000E-003
1.2409999999999999E-003
1.2689999999999999E-003
1.2960000000000001E-003
1.3230000000000000E-003
1.3510000000000000E-003
1.3780000000000001E-003
1.4059999999999999E-003
1.4339999999999999E-003
1.4620000000000000E-003
1.4900000000000000E-003
1.5180000000000000E-003
1.5460000000000001E-003
1.5750000000000000E-003
1.6030000000000000E-003
1.6310000000000001E-003
1.6600000000000000E-003
1.6880000000000000E-003
1.7160000000000001E-003
1.7450000000000000E-003
1.7730000000000001E-003
1.8020000000000000E-003
1.8309999999999999E-003
1.8590000000000000E-003
1.8870000000000000E-003
1.9160000000000000E-003
1.9440000000000000E-003
1.9729999999999999E-003
2.0010000000000002E-003
2.0300000000000001E-003
2.0579999999999999E-003
2.0860000000000002E-003
2.1140000000000000E-003
2.1429999999999999E-003
2.1700000000000001E-003
2.1979999999999999E-003
2.2260000000000001E-003
2.2539999999999999E-003
2.2810000000000000E-003
2.3089999999999999E-003
2.3360000000000000E-003
2.3640000000000002E-003
2.3909999999999999E-003
2.4180000000000000E-003
2.4450000000000001E-003
2.4710000000000001E-003
2.4979999999999998E-003
2.5249999999999999E-003
2.5500000000000002E-003
2.5769999999999999E-003
2.6029999999999998E-003
2.6280000000000001E-003
2.6540000000000001E-003
2.6790000000000000E-003
2.7039999999999998E-003
2.7290000000000001E-003
2.7539999999999999E-003
2.7780000000000001E-003
2.8019999999999998E-003
2.8260000000000000E-003
2.8500000000000001E-003
2.8739999999999998E-003
2.8969999999999998E-003
2.9199999999999999E-003
2.9429999999999999E-003
2.9650000000000002E-003
2.9880000000000002E-003
3.0100000000000001E-003
3.0320000000000000E-003
3.0530000000000002E-003
3.0739999999999999E-003
3.0950000000000001E-003
3.1159999999999998E-003
3.1359999999999999E-003
3.1560000000000000E-003
3.1760000000000000E-003
3.1949999999999999E-003
3.2139999999999998E-003
3.2330000000000002E-003
3.2520000000000001E-003
3.2699999999999999E-003
3.2880000000000001E-003
3.3059999999999999E-003
3.3230000000000000E-003
3.3400000000000001E-003
3.3570000000000002E-003
3.3730000000000001E-003
3.3890000000000001E-003
3.4050000000000000E-003
3.4199999999999999E-003
3.4350000000000001E-003
3.4499999999999999E-003
3.4640000000000001E-003
3.4780000000000002E-003
3.4919999999999999E-003
3.5049999999999999E-003
3.5179999999999999E-003
3.5300000000000002E-003
3.5430000000000001E-003
3.5550000000000000E-003
3.5660000000000002E-003
3.5769999999999999E-003
3.5880000000000000E-003
3.5990000000000002E-003
3.6089999999999998E-003
3.6189999999999998E-003
3.6280000000000001E-003
3.6370000000000000E-003
3.6459999999999999E-003
3.6540000000000001E-003
3.6630000000000000E-003
3.6700000000000001E-003
3.6779999999999998E-003
3.6849999999999999E-003
3.6909999999999998E-003
3.6979999999999999E-003
3.7030000000000001E-003
3.7090000000000001E-003
3.7139999999999999E-003
3.7190000000000001E-003
3.7239999999999999E-003
3.7280000000000000E-003
3.7320000000000001E-003
3.7350000000000000E-003
3.7390000000000001E-003
3.7410000000000000E-003
3.7439999999999999E-003
3.7460000000000002E-003
3.7480000000000000E-003
3.7490000000000002E-003
3.7510000000000000E-003
3.7510000000000000E-003
3.7520000000000001E-003
3.7520000000000001E-003
3.7520000000000001E-003
3.7510000000000000E-003
3.7510000000000000E-003
3.7490000000000002E-003
3.7480000000000000E-003
3.7460000000000002E-003
3.7439999999999999E-003
3.7420000000000001E-003
3.7390000000000001E-003
3.7360000000000002E-003
3.7330000000000002E-003
3.7290000000000001E-003
3.7250000000000000E-003
3.7209999999999999E-003
3.7169999999999998E-003
3.7120000000000000E-003
3.7069999999999998E-003
3.7020000000000000E-003
3.6960000000000001E-003
3.6900000000000001E-003
3.6840000000000002E-003
3.6770000000000001E-003
3.6709999999999998E-003
3.6640000000000002E-003
3.6560000000000000E-003
3.6489999999999999E-003
3.6410000000000001E-003
3.6329999999999999E-003
3.6250000000000002E-003
3.6159999999999999E-003
3.6080000000000001E-003
3.5990000000000002E-003
3.5890000000000002E-003
3.5799999999999998E-003
3.5699999999999998E-003
3.5599999999999998E-003
3.5500000000000002E-003
3.5400000000000002E-003
3.5290000000000000E-003
3.5179999999999999E-003
3.5070000000000001E-003
3.4960000000000000E-003
3.4849999999999998E-003
3.4730000000000000E-003
3.4610000000000001E-003
3.4489999999999998E-003
3.4370000000000000E-003
3.4250000000000001E-003
3.4120000000000001E-003
3.3990000000000001E-003
3.3860000000000001E-003
3.3730000000000001E-003
3.3600000000000001E-003
3.3470000000000001E-003
3.3330000000000000E-003
3.3189999999999999E-003
3.3050000000000002E-003
3.2910000000000001E-003
3.2770000000000000E-003
3.2629999999999998E-003
3.2480000000000000E-003
3.2339999999999999E-003
3.2190000000000001E-003
3.2039999999999998E-003
3.1890000000000000E-003
3.1740000000000002E-003
3.1580000000000002E-003
3.1430000000000000E-003
3.1280000000000001E-003
3.1120000000000002E-003
3.0959999999999998E-003
3.0799999999999998E-003
3.0639999999999999E-003
3.0479999999999999E-003
3.0320000000000000E-003
3.0160000000000000E-003
3.0000000000000001E-003
2.9830000000000000E-003
2.9670000000000000E-003
2.9499999999999999E-003
2.9340000000000000E-003
2.9169999999999999E-003
2.8999999999999998E-003
2.8830000000000001E-003
2.8670000000000002E-003
2.8500000000000001E-003
2.8330000000000000E-003
2.8159999999999999E-003
2.7980000000000001E-003
2.7810000000000001E-003
2.7640000000000000E-003
2.7469999999999999E-003
2.7290000000000001E-003
2.7120000000000000E-003
2.6949999999999999E-003
2.6770000000000001E-003
2.6600000000000000E-003
2.6419999999999998E-003
2.6250000000000002E-003
2.6069999999999999E-003
2.5899999999999999E-003
2.5720000000000001E-003
2.5550000000000000E-003
2.5370000000000002E-003
2.5200000000000001E-003
2.5019999999999999E-003
2.4849999999999998E-003
2.4670000000000000E-003
2.4489999999999998E-003
2.4320000000000001E-003
2.4139999999999999E-003
2.3969999999999998E-003
2.3790000000000000E-003
2.3609999999999998E-003
2.3440000000000002E-003
2.3259999999999999E-003
2.3089999999999999E-003
2.2910000000000001E-003
2.2740000000000000E-003
2.2569999999999999E-003
2.2390000000000001E-003
2.2220000000000000E-003
2.2039999999999998E-003
2.1870000000000001E-003
2.1700000000000001E-003
2.1519999999999998E-003
2.1350000000000002E-003
2.1180000000000001E-003
2.1010000000000000E-003
2.0839999999999999E-003
2.0669999999999998E-003
2.0500000000000002E-003
2.0330000000000001E-003
2.0160000000000000E-003
1.9989999999999999E-003
1.9819999999999998E-003
1.9650000000000002E-003
1.9480000000000001E-003
1.9319999999999999E-003
1.9150000000000000E-003
1.8990000000000001E-003
1.8820000000000000E-003
1.8660000000000000E-003
1.8489999999999999E-003
1.8330000000000000E-003
1.8170000000000000E-003
1.8010000000000001E-003
1.7849999999999999E-003
1.7680000000000000E-003
1.7530000000000000E-003
1.7370000000000000E-003
1.7210000000000001E-003
1.7049999999999999E-003
1.6890000000000000E-003
1.6739999999999999E-003
1.6580000000000000E-003
1.6429999999999999E-003
1.6270000000000000E-003
1.6119999999999999E-003
1.5969999999999999E-003
1.5820000000000001E-003
1.5670000000000000E-003
1.5520000000000000E-003
1.5370000000000000E-003
1.5219999999999999E-003
1.5070000000000001E-003
1.4920000000000001E-003
1.4779999999999999E-003
1.4630000000000001E-003
1.4490000000000000E-003
1.4339999999999999E-003
1.4200000000000000E-003
1.4059999999999999E-003
1.3920000000000000E-003
1.3780000000000001E-003
1.3640000000000000E-003
1.3500000000000001E-003
1.3370000000000001E-003
1.3230000000000000E-003
1.3090000000000001E-003
1.2960000000000001E-003
1.2830000000000001E-003
1.2689999999999999E-003
1.2560000000000000E-003
1.2430000000000000E-003
1.2300000000000000E-003
1.2170000000000000E-003
1.2040000000000000E-003
1.1919999999999999E-003
1.1789999999999999E-003
1.1659999999999999E-003
1.1540000000000001E-003
1.1410000000000001E-003
1.1290000000000000E-003
1.1169999999999999E-003
1.1050000000000001E-003
1.0930000000000000E-003
1.0809999999999999E-003
1.0690000000000001E-003
1.0570000000000000E-003
1.0460000000000001E-003
1.0340000000000000E-003
1.0230000000000000E-003
1.0110000000000000E-003
1.0000000000000000E-003
9.8890000000000002E-004
9.7780000000000002E-004
9.6690000000000003E-004
9.5589999999999998E-004
9.4510000000000004E-004
9.3440000000000005E-004
9.2369999999999996E-004
9.1319999999999997E-004
9.0269999999999999E-004
8.9229999999999995E-004
8.8210000000000003E-004
8.7190000000000000E-004
8.6180000000000002E-004
8.5180000000000000E-004
8.4179999999999997E-004
8.3199999999999995E-004
8.2229999999999998E-004
8.1260000000000002E-004
8.0309999999999995E-004
7.9359999999999999E-004
7.8410000000000003E-004
7.7479999999999997E-004
7.6559999999999996E-004
7.5650000000000001E-004
7.4739999999999995E-004
7.3839999999999995E-004
7.2959999999999995E-004
7.2079999999999996E-004
7.1199999999999996E-004
7.0339999999999997E-004
6.9479999999999997E-004
6.8630000000000004E-004
6.7800000000000000E-004
6.6969999999999996E-004
6.6149999999999998E-004
6.5330000000000000E-004
6.4519999999999996E-004
6.3730000000000004E-004
6.2940000000000001E-004
6.2149999999999998E-004
6.1379999999999996E-004
6.0610000000000004E-004
5.9849999999999997E-004
5.9100000000000005E-004
5.8359999999999998E-004
5.7620000000000002E-004
5.6899999999999995E-004
5.6170000000000005E-004
5.5460000000000004E-004
5.4759999999999997E-004
5.4060000000000002E-004
5.3370000000000002E-004
5.2680000000000001E-004
5.2010000000000001E-004
5.1340000000000001E-004
5.0670000000000001E-004
5.0020000000000002E-004
4.9370000000000002E-004
4.8730000000000003E-004
4.8099999999999998E-004
4.7469999999999999E-004
4.6850000000000000E-004
4.6240000000000002E-004
4.5629999999999998E-004
4.5029999999999999E-004
4.4440000000000001E-004
4.3849999999999998E-004
4.3270000000000000E-004
4.2700000000000002E-004
4.2129999999999999E-004
4.1570000000000002E-004
4.1020000000000000E-004
4.0470000000000002E-004
3.9930000000000000E-004
3.9389999999999998E-004
3.8860000000000001E-004
3.8340000000000000E-004
3.7819999999999998E-004
3.7310000000000002E-004
3.6810000000000000E-004
3.6309999999999999E-004
3.5809999999999998E-004
3.5320000000000002E-004
3.4850000000000001E-004
3.4370000000000001E-004
3.3900000000000000E-004
3.3429999999999999E-004
3.2969999999999999E-004
3.2519999999999999E-004
3.2069999999999999E-004
3.1629999999999999E-004
3.1189999999999999E-004
3.0760000000000000E-004
3.0330000000000000E-004
2.9910000000000001E-004
2.9490000000000001E-004
2.9080000000000002E-004
2.8679999999999998E-004
2.8269999999999999E-004
2.7880000000000000E-004
2.7490000000000001E-004
2.7099999999999997E-004
2.6719999999999999E-004
2.6340000000000001E-004
2.5970000000000002E-004
2.5599999999999999E-004
2.5240000000000001E-004
2.4879999999999998E-004
2.4520000000000000E-004
2.4169999999999999E-004
2.3829999999999999E-004
2.3489999999999999E-004
2.3149999999999999E-004
2.2819999999999999E-004
2.2489999999999999E-004
2.2169999999999999E-004
2.1850000000000000E-004
2.1530000000000000E-004
2.1220000000000001E-004
2.0909999999999999E-004
2.0610000000000000E-004
2.0310000000000000E-004
2.0019999999999999E-004
1.9730000000000000E-004
1.9440000000000001E-004
1.9149999999999999E-004
1.8870000000000001E-004
1.8599999999999999E-004
1.8320000000000001E-004
1.8050000000000000E-004
1.7789999999999999E-004
1.7530000000000001E-004
1.7270000000000000E-004
1.7009999999999999E-004
1.6760000000000001E-004
1.6510000000000000E-004
1.6270000000000000E-004
1.6029999999999999E-004
1.5789999999999999E-004
1.5550000000000001E-004
1.5320000000000001E-004
1.5090000000000001E-004
1.4870000000000001E-004
1.4640000000000001E-004
1.4430000000000001E-004
1.4210000000000001E-004
1.3999999999999999E-004
1.3779999999999999E-004
1.3579999999999999E-004
1.3370000000000000E-004
1.3170000000000000E-004
1.2970000000000001E-004
1.2769999999999999E-004
1.2579999999999999E-004
1.2390000000000000E-004
1.2200000000000000E-004
1.2019999999999999E-004
1.1830000000000000E-004
1.1650000000000000E-004
1.1470000000000000E-004
1.1300000000000000E-004
1.1129999999999999E-004
1.0959999999999999E-004
1.0789999999999999E-004
1.0620000000000001E-004
1.0459999999999999E-004
1.0300000000000000E-004
1.0140000000000000E-004
9.9829999999999998E-005
9.8289999999999996E-005
9.6769999999999997E-005
9.5270000000000001E-005
9.3789999999999995E-005
9.2340000000000000E-005
9.0909999999999995E-005
8.9489999999999999E-005
8.8100000000000000E-005
8.6730000000000005E-005
8.5370000000000004E-005
8.4040000000000002E-005
8.2730000000000002E-005
8.1440000000000006E-005
8.0160000000000005E-005
7.8899999999999993E-005
7.7669999999999993E-005
7.6450000000000002E-005
7.5240000000000005E-005
7.4060000000000006E-005
7.2890000000000002E-005
7.1740000000000001E-005
7.0610000000000003E-005
6.9490000000000000E-005
6.8399999999999996E-005
6.7310000000000004E-005
6.6249999999999998E-005
6.5190000000000004E-005
6.4159999999999996E-005
6.3139999999999995E-005
6.2139999999999998E-005
6.1149999999999996E-005
6.0180000000000003E-005
5.9209999999999997E-005
5.8270000000000003E-005
5.7340000000000003E-005
5.6419999999999999E-005
5.5510000000000002E-005
5.4620000000000002E-005
5.3749999999999999E-005
5.2889999999999997E-005
5.2040000000000003E-005
5.1209999999999999E-005
5.0380000000000002E-005
4.9560000000000000E-005
4.8770000000000002E-005
4.7979999999999998E-005
4.7200000000000002E-005
4.6449999999999997E-005
4.5689999999999998E-005
4.4960000000000003E-005
4.4230000000000002E-005
4.3510000000000002E-005
4.2799999999999997E-005
4.2100000000000000E-005
4.1420000000000000E-005
4.0740000000000000E-005
4.0089999999999997E-005
3.9440000000000002E-005
3.8790000000000000E-005
3.8160000000000001E-005
3.7540000000000003E-005
3.6919999999999999E-005
3.6319999999999998E-005
3.5719999999999997E-005
3.5129999999999997E-005
3.4560000000000001E-005
3.4000000000000000E-005
3.3439999999999998E-005
3.2889999999999999E-005
3.2350000000000000E-005
3.1810000000000002E-005
3.1290000000000000E-005
3.0769999999999998E-005
3.0270000000000000E-005
2.9770000000000001E-005
2.9280000000000001E-005
2.8799999999999999E-005
2.8320000000000000E-005
2.7849999999999999E-005
2.7390000000000000E-005
2.6940000000000000E-005
2.6489999999999999E-005
2.6050000000000000E-005
2.5619999999999999E-005
2.5190000000000001E-005
2.4769999999999998E-005
2.4360000000000001E-005
2.3960000000000001E-005
2.3560000000000001E-005
2.3170000000000000E-005
2.2779999999999999E-005
2.2399999999999999E-005
2.2019999999999999E-005
2.1659999999999999E-005
2.1290000000000001E-005
2.0939999999999999E-005
2.0590000000000001E-005
2.0239999999999999E-005
1.9910000000000001E-005
1.9570000000000001E-005
1.9250000000000000E-005
1.8919999999999998E-005
1.8600000000000001E-005
1.8289999999999999E-005
1.7980000000000001E-005
1.7680000000000000E-005
1.7380000000000000E-005
1.7090000000000001E-005
1.6799999999999998E-005
1.6520000000000001E-005
1.6240000000000000E-005
1.5970000000000001E-005
1.5699999999999999E-005
1.5430000000000000E-005
1.5170000000000000E-005
1.4919999999999999E-005
1.4660000000000000E-005
1.4419999999999999E-005
1.4170000000000000E-005
1.3930000000000000E-005
1.3699999999999999E-005
1.3470000000000000E-005
1.3240000000000000E-005
1.3010000000000001E-005
1.2790000000000000E-005
1.2570000000000000E-005
1.2360000000000000E-005
1.2150000000000001E-005
1.1939999999999999E-005
1.1739999999999999E-005
1.1540000000000000E-005
1.1350000000000000E-005
1.1150000000000000E-005
1.0960000000000000E-005
1.0770000000000000E-005
1.0590000000000000E-005
1.0410000000000000E-005
1.0230000000000000E-005
1.0060000000000000E-005
9.8849999999999994E-006
9.7170000000000003E-006
9.5500000000000000E-006
9.3880000000000006E-006
9.2269999999999999E-006
9.0690000000000008E-006
8.9139999999999997E-006
8.7600000000000008E-006
8.6100000000000006E-006
8.4619999999999996E-006
8.3159999999999997E-006
8.1740000000000000E-006
8.0339999999999997E-006
7.8960000000000003E-006
7.7610000000000007E-006
7.6279999999999996E-006
7.4970000000000004E-006
7.3679999999999996E-006
7.2400000000000001E-006
7.1160000000000001E-006
6.9929999999999998E-006
6.8730000000000001E-006
6.7540000000000000E-006
6.6370000000000002E-006
6.5230000000000001E-006
6.4110000000000001E-006
6.3010000000000003E-006
6.1920000000000002E-006
6.0850000000000002E-006
5.9800000000000003E-006
5.8769999999999998E-006
5.7749999999999998E-006
5.6749999999999999E-006
5.5770000000000001E-006
5.4800000000000000E-006
5.3850000000000001E-006
5.2920000000000003E-006
5.2009999999999998E-006
5.1109999999999999E-006
5.0230000000000000E-006
4.9350000000000002E-006
4.8500000000000002E-006
4.7659999999999998E-006
4.6829999999999999E-006
4.6020000000000002E-006
4.5210000000000004E-006
4.4429999999999996E-006
4.3660000000000002E-006
4.2910000000000001E-006
4.2160000000000000E-006
4.1430000000000000E-006
4.0709999999999996E-006
3.9999999999999998E-006
3.9299999999999996E-006
3.8619999999999996E-006
3.7950000000000001E-006
3.7280000000000001E-006
3.6640000000000000E-006
3.5999999999999998E-006
3.5370000000000002E-006
3.4759999999999998E-006
3.4149999999999999E-006
3.3550000000000001E-006
3.2969999999999999E-006
3.2399999999999999E-006
3.1829999999999998E-006
3.1280000000000000E-006
3.0730000000000001E-006
3.0199999999999999E-006
2.9670000000000001E-006
2.9150000000000000E-006
2.8640000000000000E-006
2.8140000000000001E-006
2.7650000000000002E-006
2.7170000000000000E-006
2.6690000000000002E-006
2.6230000000000001E-006
2.5760000000000000E-006
2.5310000000000000E-006
2.4870000000000001E-006
2.4439999999999998E-006
2.4010000000000000E-006
2.3590000000000002E-006
2.3180000000000001E-006
2.2770000000000000E-006
2.2380000000000000E-006
2.1980000000000000E-006
2.1600000000000001E-006
2.1220000000000002E-006
2.0839999999999999E-006
2.0480000000000001E-006
2.0120000000000000E-006
1.9769999999999999E-006
1.9429999999999999E-006
1.9080000000000002E-006
1.8750000000000000E-006
1.8419999999999999E-006
1.8090000000000000E-006
1.7780000000000000E-006
1.7470000000000000E-006
1.7160000000000000E-006
1.6860000000000000E-006
1.6570000000000000E-006
1.6279999999999999E-006
1.5990000000000001E-006
1.5710000000000001E-006
1.5430000000000001E-006
1.5160000000000000E-006
1.4899999999999999E-006
1.4630000000000000E-006
1.4370000000000000E-006
1.4120000000000000E-006
1.3870000000000000E-006
1.3629999999999999E-006
1.3390000000000000E-006
1.3160000000000000E-006
1.2929999999999999E-006
1.2699999999999999E-006
1.2480000000000000E-006
1.2260000000000000E-006
1.2040000000000000E-006
1.1829999999999999E-006
1.1620000000000001E-006
1.1420000000000000E-006
1.1209999999999999E-006
1.1009999999999999E-006
1.0820000000000000E-006
1.0630000000000000E-006
1.0449999999999999E-006
1.0260000000000000E-006
1.0079999999999999E-006
9.9060000000000010E-007
9.7310000000000005E-007
9.5600000000000004E-007
9.3920000000000005E-007
9.2259999999999996E-007
9.0630000000000001E-007
8.9029999999999997E-007
8.7449999999999995E-007
8.5909999999999996E-007
8.4359999999999996E-007
8.2880000000000001E-007
8.1429999999999998E-007
7.9999999999999996E-007
7.8609999999999998E-007
7.7230000000000000E-007
7.5870000000000004E-007
7.4539999999999999E-007
7.3229999999999996E-007
7.1930000000000004E-007
7.0670000000000005E-007
6.9419999999999996E-007
6.8189999999999998E-007
6.6980000000000003E-007
6.5789999999999998E-007
6.4629999999999996E-007
6.3460000000000003E-007
6.2340000000000004E-007
6.1259999999999997E-007
6.0190000000000001E-007
5.9129999999999995E-007
5.8100000000000003E-007
5.7080000000000000E-007
5.6069999999999998E-007
5.5089999999999999E-007
5.4109999999999999E-007
5.3160000000000002E-007
5.2219999999999995E-007
5.1300000000000000E-007
5.0389999999999995E-007
4.9500000000000003E-007
4.8620000000000000E-007
4.7759999999999999E-007
4.6880000000000002E-007
4.6069999999999999E-007
4.5260000000000002E-007
4.4470000000000000E-007
4.3690000000000000E-007
4.2930000000000001E-007
4.2170000000000002E-007
4.1430000000000000E-007
4.0699999999999998E-007
3.9980000000000002E-007
3.9280000000000002E-007
3.8579999999999997E-007
3.7899999999999999E-007
3.7230000000000002E-007
3.6570000000000000E-007
3.5919999999999999E-007
3.5289999999999999E-007
3.4649999999999999E-007
3.4030000000000000E-007
3.3439999999999998E-007
3.2850000000000001E-007
3.2280000000000001E-007
3.1710000000000000E-007
3.1150000000000000E-007
3.0610000000000002E-007
3.0059999999999998E-007
2.9540000000000001E-007
2.9009999999999998E-007
2.8500000000000002E-007
2.8000000000000002E-007
2.7500000000000001E-007
2.7020000000000002E-007
2.6539999999999998E-007
2.6059999999999999E-007
2.5600000000000002E-007
2.5150000000000000E-007
2.4709999999999998E-007
2.4270000000000002E-007
2.3850000000000002E-007
2.3430000000000000E-007
2.3020000000000001E-007
2.2609999999999999E-007
2.2210000000000001E-007
2.1820000000000001E-007
2.1430000000000001E-007
2.1050000000000001E-007
2.0680000000000000E-007
2.0310000000000001E-007
1.9950000000000001E-007
1.9600000000000001E-007
1.9259999999999999E-007
1.8920000000000000E-007
1.8589999999999999E-007
1.8260000000000001E-007
1.7940000000000001E-007
1.7620000000000000E-007
1.7310000000000001E-007
1.6999999999999999E-007
1.6700000000000000E-007
1.6409999999999999E-007
1.6119999999999999E-007
1.5839999999999999E-007
1.5559999999999999E-007
1.5279999999999999E-007
1.5010000000000000E-007
1.4749999999999999E-007
1.4490000000000001E-007
1.4230000000000000E-007
1.3979999999999999E-007
1.3740000000000000E-007
1.3490000000000000E-007
1.3260000000000001E-007
1.3019999999999999E-007
1.2790000000000000E-007
1.2569999999999999E-007
1.2349999999999999E-007
1.2130000000000001E-007
1.1910000000000000E-007
1.1700000000000000E-007
1.1500000000000000E-007
1.1300000000000001E-007
1.1100000000000000E-007
1.0900000000000000E-007
1.0710000000000000E-007
1.0520000000000000E-007
1.0340000000000000E-007
1.0150000000000000E-007
9.9729999999999994E-008
9.7979999999999995E-008
9.6260000000000003E-008
9.4570000000000006E-008
9.2910000000000003E-008
9.1279999999999994E-008
8.9669999999999995E-008
8.8090000000000003E-008
8.6540000000000006E-008
8.4999999999999994E-008
8.3500000000000000E-008
8.2039999999999999E-008
8.0599999999999994E-008
7.9189999999999996E-008
7.7799999999999995E-008
7.6430000000000003E-008
7.5090000000000006E-008
7.3770000000000005E-008
7.2470000000000000E-008
7.1190000000000004E-008
6.9930000000000005E-008
6.8700000000000000E-008
6.7500000000000002E-008
6.6320000000000001E-008
6.5149999999999998E-008
6.4010000000000002E-008
6.2890000000000003E-008
6.1780000000000001E-008
6.0699999999999994E-008
5.9629999999999999E-008
5.8570000000000001E-008
5.7539999999999998E-008
5.6540000000000002E-008
5.5549999999999998E-008
5.4569999999999998E-008
5.3610000000000002E-008
5.2670000000000001E-008
5.1749999999999997E-008
5.0829999999999999E-008
4.9940000000000002E-008
4.9070000000000002E-008
4.8210000000000000E-008
4.7370000000000000E-008
4.6539999999999999E-008
4.5720000000000002E-008
4.4910000000000003E-008
4.4120000000000001E-008
4.3350000000000001E-008
4.2590000000000000E-008
4.1850000000000001E-008
4.1120000000000000E-008
4.0399999999999998E-008
3.9690000000000000E-008
3.8990000000000000E-008
3.8309999999999997E-008
3.7639999999999998E-008
3.6970000000000000E-008
3.6319999999999997E-008
3.5689999999999997E-008
3.5070000000000002E-008
3.4450000000000001E-008
3.3850000000000002E-008
3.3260000000000001E-008
3.2670000000000001E-008
3.2100000000000003E-008
3.1540000000000003E-008
3.0979999999999997E-008
3.0440000000000000E-008
2.9910000000000001E-008
2.9390000000000000E-008
2.8880000000000001E-008
2.8369999999999999E-008
2.7879999999999999E-008
2.7389999999999999E-008
2.6910000000000001E-008
2.6420000000000001E-008
2.5959999999999999E-008
2.5510000000000001E-008
2.5069999999999999E-008
2.4640000000000001E-008
2.4210000000000000E-008
2.3790000000000000E-008
2.3380000000000002E-008
2.2970000000000000E-008
2.2570000000000000E-008
2.2180000000000001E-008
2.1789999999999999E-008
2.1410000000000001E-008
2.1039999999999998E-008
2.0669999999999999E-008
2.0300000000000000E-008
1.9950000000000000E-008
1.9600000000000000E-008
1.9239999999999999E-008
1.8909999999999999E-008
1.8580000000000002E-008
1.8259999999999999E-008
1.7940000000000001E-008
1.7630000000000000E-008
1.7330000000000000E-008
1.7030000000000001E-008
1.6730000000000002E-008
1.6440000000000000E-008
1.6149999999999999E-008
1.5869999999999999E-008
1.5589999999999999E-008
1.5320000000000001E-008
1.5049999999999999E-008
1.4790000000000000E-008
1.4530000000000000E-008
1.4279999999999999E-008
1.4030000000000001E-008
1.3780000000000000E-008
1.3540000000000001E-008
1.3310000000000000E-008
1.3080000000000000E-008
1.2849999999999999E-008
1.2630000000000000E-008
1.2410000000000000E-008
1.2190000000000000E-008
1.1980000000000000E-008
1.1770000000000001E-008
1.1560000000000001E-008
1.1360000000000000E-008
1.1170000000000000E-008
1.0970000000000000E-008
1.0780000000000000E-008
1.0589999999999999E-008
1.0410000000000000E-008
1.0230000000000000E-008
1.0050000000000001E-008
9.8760000000000002E-009
9.7049999999999999E-009
9.5369999999999996E-009
9.3710000000000000E-009
9.2089999999999999E-009
9.0490000000000005E-009
8.8919999999999995E-009
8.7380000000000002E-009
8.5829999999999998E-009
8.4350000000000008E-009
8.2900000000000001E-009
8.1460000000000006E-009
8.0049999999999996E-009
7.8670000000000002E-009
7.7300000000000004E-009
7.5960000000000007E-009
7.4649999999999993E-009
7.3339999999999997E-009
7.2060000000000001E-009
7.0809999999999998E-009
6.9600000000000000E-009
6.8390000000000001E-009
6.7210000000000003E-009
6.6050000000000002E-009
6.4910000000000000E-009
6.3780000000000001E-009
6.2680000000000003E-009
6.1579999999999996E-009
6.0500000000000004E-009
5.9459999999999999E-009
5.8440000000000001E-009
5.7429999999999997E-009
5.6439999999999999E-009
5.5470000000000000E-009
5.4510000000000003E-009
5.3560000000000001E-009
5.2640000000000000E-009
5.1709999999999996E-009
5.0790000000000003E-009
4.9929999999999996E-009
4.9069999999999997E-009
4.8230000000000004E-009
4.7410000000000001E-009
4.6589999999999997E-009
4.5790000000000000E-009
4.5010000000000001E-009
4.4230000000000001E-009
4.3470000000000000E-009
4.2720000000000001E-009
4.1979999999999998E-009
4.1249999999999997E-009
4.0540000000000003E-009
3.9830000000000000E-009
3.9149999999999998E-009
3.8469999999999996E-009
3.7799999999999998E-009
3.7129999999999999E-009
3.6490000000000001E-009
3.5870000000000001E-009
3.5250000000000001E-009
3.4649999999999999E-009
3.4050000000000001E-009
3.3459999999999998E-009
3.2890000000000001E-009
3.2320000000000000E-009
3.1760000000000002E-009
3.1209999999999999E-009
3.0680000000000002E-009
3.0140000000000001E-009
2.9619999999999999E-009
2.9110000000000000E-009
2.8609999999999999E-009
2.8119999999999998E-009
2.7640000000000000E-009
2.7160000000000001E-009
2.6690000000000002E-009
2.6230000000000001E-009
2.5780000000000000E-009
2.5340000000000001E-009
2.4899999999999999E-009
2.4469999999999999E-009
2.4049999999999999E-009
2.3640000000000001E-009
2.3229999999999999E-009
2.2830000000000001E-009
2.2440000000000001E-009
2.2050000000000001E-009
2.1670000000000001E-009
2.1299999999999999E-009
2.0940000000000000E-009
2.0580000000000001E-009
2.0209999999999999E-009
1.9860000000000000E-009
1.9530000000000002E-009
1.9190000000000001E-009
1.8870000000000002E-009
1.8549999999999999E-009
1.8230000000000000E-009
1.7920000000000000E-009
1.7610000000000000E-009
1.7309999999999999E-009
1.7010000000000000E-009
1.6720000000000000E-009
1.6430000000000000E-009