2.8289999999999999E-006
8.2789999999999998E-006
1.3720000000000001E-005
2.1129999999999999E-005
3.1520000000000003E-005
4.3970000000000001E-005
5.8459999999999999E-005
7.4989999999999999E-005
9.3529999999999994E-005
1.1410000000000000E-004
1.3660000000000001E-004
1.6110000000000001E-004
1.8750000000000000E-004
2.1579999999999999E-004
2.4600000000000002E-004
2.7809999999999998E-004
3.1189999999999999E-004
3.4759999999999999E-004
3.8499999999999998E-004
4.2420000000000001E-004
4.6500000000000003E-004
5.0750000000000003E-004
5.5159999999999996E-004
5.9730000000000004E-004
6.4440000000000005E-004
6.9309999999999999E-004
7.4319999999999996E-004
7.9469999999999996E-004
8.4749999999999995E-004
9.0160000000000001E-004
9.5699999999999995E-004
1.0139999999999999E-003
1.0709999999999999E-003
1.1299999999999999E-003
1.1900000000000001E-003
1.2509999999999999E-003
1.3120000000000000E-003
1.3749999999999999E-003
1.4380000000000000E-003
1.5020000000000001E-003
1.5670000000000000E-003
1.6329999999999999E-003
1.6990000000000000E-003
1.7650000000000001E-003
1.8320000000000001E-003
1.9000000000000000E-003
1.9680000000000001E-003
2.0360000000000000E-003
2.1040000000000000E-003
2.1730000000000000E-003
2.2409999999999999E-003
2.3100000000000000E-003
2.3790000000000000E-003
2.4480000000000001E-003
2.5160000000000000E-003
2.5850000000000001E-003
2.6530000000000000E-003
2.7209999999999999E-003
2.7880000000000001E-003
2.8560000000000000E-003
2.9229999999999998E-003
2.9889999999999999E-003
3.0550000000000000E-003
3.1199999999999999E-003
3.1849999999999999E-003
3.2490000000000002E-003
3.3119999999999998E-003
3.3750000000000000E-003
3.4359999999999998E-003
3.4970000000000001E-003
3.5569999999999998E-003
3.6159999999999999E-003
3.6740000000000002E-003
3.7320000000000001E-003
3.7880000000000001E-003
3.8419999999999999E-003
3.8960000000000002E-003
3.9490000000000003E-003
4.0010000000000002E-003
4.0509999999999999E-003
4.1000000000000003E-003
4.1479999999999998E-003
4.1939999999999998E-003
4.2399999999999998E-003
4.2830000000000003E-003
4.3260000000000000E-003
4.3670000000000002E-003
4.4070000000000003E-003
4.4450000000000002E-003
4.4819999999999999E-003
4.5180000000000003E-003
4.5519999999999996E-003
4.5840000000000004E-003
4.6150000000000002E-003
4.6449999999999998E-003
4.6730000000000001E-003
4.6990000000000001E-003
4.7239999999999999E-003
4.7479999999999996E-003
4.7699999999999999E-003
4.7900000000000000E-003
4.8089999999999999E-003
4.8269999999999997E-003
4.8430000000000001E-003
4.8580000000000003E-003
4.8710000000000003E-003
4.8820000000000001E-003
4.8919999999999996E-003
4.9010000000000000E-003
4.9080000000000000E-003
4.9140000000000000E-003
4.9170000000000004E-003
4.9210000000000000E-003
4.9220000000000002E-003
4.9220000000000002E-003
4.9199999999999999E-003
4.9179999999999996E-003
4.9129999999999998E-003
4.9080000000000000E-003
4.9010000000000000E-003
4.8929999999999998E-003
4.8840000000000003E-003
4.8729999999999997E-003
4.8609999999999999E-003
4.8479999999999999E-003
4.8329999999999996E-003
4.8180000000000002E-003
4.8009999999999997E-003
4.7840000000000001E-003
4.7650000000000001E-003
4.7450000000000001E-003
4.7239999999999999E-003
4.7019999999999996E-003
4.6790000000000000E-003
4.6550000000000003E-003
4.6299999999999996E-003
4.6039999999999996E-003
4.5770000000000003E-003
4.5490000000000001E-003
4.5209999999999998E-003
4.4920000000000003E-003
4.4619999999999998E-003
4.4310000000000000E-003
4.3990000000000001E-003
4.3670000000000002E-003
4.3340000000000002E-003
4.3000000000000000E-003
4.2659999999999998E-003
4.2310000000000004E-003
4.1960000000000001E-003
4.1599999999999996E-003
4.1229999999999999E-003
4.0860000000000002E-003
4.0489999999999996E-003
4.0109999999999998E-003
3.9719999999999998E-003
3.9340000000000000E-003
3.8939999999999999E-003
3.8549999999999999E-003
3.8149999999999998E-003
3.7750000000000001E-003
3.7350000000000000E-003
3.6939999999999998E-003
3.6530000000000000E-003
3.6120000000000002E-003
3.5710000000000000E-003
3.5300000000000002E-003
3.4880000000000002E-003
3.4459999999999998E-003
3.4039999999999999E-003
3.3630000000000001E-003
3.3210000000000002E-003
3.2789999999999998E-003
3.2369999999999999E-003
3.1949999999999999E-003
3.1530000000000000E-003
3.1110000000000001E-003
3.0690000000000001E-003
3.0270000000000002E-003
2.9849999999999998E-003
2.9440000000000000E-003
2.9020000000000001E-003
2.8609999999999998E-003
2.8200000000000000E-003
2.7789999999999998E-003
2.7380000000000000E-003
2.6970000000000002E-003
2.6559999999999999E-003
2.6159999999999998E-003
2.5760000000000002E-003
2.5360000000000001E-003
2.4960000000000000E-003
2.4570000000000000E-003
2.4180000000000000E-003
2.3790000000000000E-003
2.3400000000000001E-003
2.3019999999999998E-003
2.2640000000000000E-003
2.2260000000000001E-003
2.1890000000000000E-003
2.1519999999999998E-003
2.1150000000000001E-003
2.0790000000000001E-003
2.0430000000000001E-003
2.0070000000000001E-003
1.9719999999999998E-003
1.9369999999999999E-003
1.9020000000000000E-003
1.8680000000000001E-003
1.8339999999999999E-003
1.8010000000000001E-003
1.7669999999999999E-003
1.7350000000000000E-003
1.7020000000000000E-003
1.6700000000000000E-003
1.6390000000000000E-003
1.6080000000000001E-003
1.5770000000000001E-003
1.5460000000000001E-003
1.5160000000000000E-003
1.4870000000000000E-003
1.4570000000000000E-003
1.4289999999999999E-003
1.4000000000000000E-003
1.3720000000000000E-003
1.3450000000000001E-003
1.3170000000000000E-003
1.2899999999999999E-003
1.2639999999999999E-003
1.2380000000000000E-003
1.2120000000000000E-003
1.1869999999999999E-003
1.1620000000000001E-003
1.1379999999999999E-003
1.1140000000000000E-003
1.0900000000000000E-003
1.0670000000000000E-003
1.0440000000000000E-003
1.0210000000000000E-003
9.9890000000000005E-004
9.7710000000000006E-004
9.5560000000000003E-004
9.3450000000000000E-004
9.1379999999999999E-004
8.9349999999999998E-004
8.7350000000000004E-004
8.5380000000000005E-004
8.3449999999999996E-004
8.1559999999999998E-004
7.9699999999999997E-004
7.7870000000000001E-004
7.6079999999999995E-004
7.4319999999999996E-004
7.2599999999999997E-004
7.0910000000000005E-004
6.9249999999999997E-004
6.7619999999999996E-004
6.6020000000000000E-004
6.4450000000000000E-004
6.2920000000000001E-004
6.1419999999999997E-004
5.9940000000000004E-004
5.8500000000000002E-004
5.7080000000000000E-004
5.5690000000000004E-004
5.4330000000000003E-004
5.2999999999999998E-004
5.1699999999999999E-004
5.0429999999999995E-004
4.9180000000000003E-004
4.7950000000000000E-004
4.6759999999999998E-004
4.5580000000000002E-004
4.4440000000000001E-004
4.3320000000000001E-004
4.2220000000000002E-004
4.1149999999999997E-004
4.0099999999999999E-004
3.9070000000000001E-004
3.8069999999999998E-004
3.7080000000000001E-004
3.6130000000000000E-004
3.5189999999999999E-004
3.4269999999999998E-004
3.3369999999999998E-004
3.2499999999999999E-004
3.1639999999999999E-004
3.0810000000000001E-004
2.9990000000000003E-004
2.9200000000000000E-004
2.8420000000000002E-004
2.7660000000000000E-004
2.6919999999999998E-004
2.6190000000000002E-004
2.5480000000000001E-004
2.4790000000000001E-004
2.4120000000000001E-004
2.3470000000000001E-004
2.2829999999999999E-004
2.2200000000000000E-004
2.1599999999999999E-004
2.1000000000000001E-004
2.0430000000000001E-004
1.9870000000000001E-004
1.9330000000000001E-004
1.8799999999999999E-004
1.8300000000000000E-004
1.7809999999999999E-004
1.7340000000000001E-004
1.6890000000000001E-004
1.6469999999999999E-004
1.6070000000000000E-004
1.5689999999999999E-004
1.5349999999999999E-004
1.5040000000000000E-004
1.4760000000000001E-004
1.4530000000000001E-004
1.4339999999999999E-004
1.4210000000000001E-004
1.4129999999999999E-004
1.4119999999999999E-004
1.4180000000000000E-004
1.4310000000000001E-004
1.4550000000000001E-004
1.4880000000000001E-004
1.5320000000000001E-004
1.5890000000000001E-004
1.6569999999999999E-004
1.7400000000000000E-004
1.8400000000000000E-004
1.9550000000000001E-004
2.0870000000000000E-004
2.2389999999999999E-004
2.4130000000000001E-004
2.6049999999999999E-004
2.8200000000000002E-004
3.0630000000000002E-004
3.3290000000000001E-004
3.6180000000000001E-004
3.9300000000000001E-004
4.2690000000000002E-004
4.6400000000000000E-004
5.0429999999999995E-004
5.4640000000000005E-004
5.9139999999999996E-004
6.3969999999999999E-004
6.9050000000000003E-004
7.4339999999999996E-004
7.9909999999999996E-004
8.5789999999999998E-004
9.1940000000000001E-004
9.8269999999999998E-004
1.0470000000000000E-003
1.1150000000000001E-003
1.1839999999999999E-003
1.2550000000000000E-003
1.3270000000000001E-003
1.4009999999999999E-003
1.4760000000000001E-003
1.5510000000000001E-003
1.6270000000000000E-003
1.7030000000000001E-003
1.7799999999999999E-003
1.8560000000000000E-003
1.9319999999999999E-003
2.0060000000000000E-003
2.0810000000000000E-003
2.1540000000000001E-003
2.2260000000000001E-003
2.2970000000000000E-003
2.3660000000000000E-003
2.4320000000000001E-003
2.4970000000000001E-003
2.5600000000000002E-003
2.6199999999999999E-003
2.6770000000000001E-003
2.7320000000000001E-003
2.7840000000000000E-003
2.8330000000000000E-003
2.8790000000000000E-003
2.9220000000000001E-003
2.9619999999999998E-003
2.9989999999999999E-003
3.0320000000000000E-003
3.0620000000000001E-003
3.0890000000000002E-003
3.1120000000000002E-003
3.1319999999999998E-003
3.1489999999999999E-003
3.1630000000000000E-003
3.1730000000000000E-003
3.1809999999999998E-003
3.1849999999999999E-003
3.1860000000000000E-003
3.1849999999999999E-003
3.1800000000000001E-003
3.1730000000000000E-003
3.1630000000000000E-003
3.1510000000000002E-003
3.1359999999999999E-003
3.1180000000000001E-003
3.0990000000000002E-003
3.0769999999999999E-003
3.0530000000000002E-003
3.0279999999999999E-003
3.0000000000000001E-003
2.9710000000000001E-003
2.9399999999999999E-003
2.9069999999999999E-003
2.8730000000000001E-003
2.8379999999999998E-003
2.8010000000000001E-003
2.7640000000000000E-003
2.7260000000000001E-003
2.6860000000000000E-003
2.6459999999999999E-003
2.6050000000000001E-003
2.5630000000000002E-003
2.5209999999999998E-003
2.4780000000000002E-003
2.4350000000000001E-003
2.3920000000000000E-003
2.3479999999999998E-003
2.3040000000000001E-003
2.2599999999999999E-003
2.2160000000000001E-003
2.1719999999999999E-003
2.1280000000000001E-003
2.0839999999999999E-003
2.0409999999999998E-003
1.9970000000000001E-003
1.9540000000000000E-003
1.9109999999999999E-003
1.8690000000000000E-003
1.8270000000000001E-003
1.7849999999999999E-003
1.7430000000000000E-003
1.7030000000000001E-003
1.6620000000000001E-003
1.6220000000000000E-003
1.5830000000000000E-003
1.5440000000000000E-003
1.5060000000000000E-003
1.4679999999999999E-003
1.4310000000000000E-003
1.3950000000000000E-003
1.3590000000000000E-003
1.3240000000000001E-003
1.2890000000000000E-003
1.2550000000000000E-003
1.2220000000000000E-003
1.1890000000000000E-003
1.1570000000000000E-003
1.1260000000000000E-003
1.0950000000000001E-003
1.0650000000000000E-003
1.0360000000000000E-003
1.0070000000000001E-003
9.7890000000000000E-004
9.5140000000000003E-004
9.2449999999999997E-004
8.9820000000000004E-004
8.7259999999999996E-004
8.4749999999999995E-004
8.2310000000000000E-004
7.9920000000000002E-004
7.7590000000000005E-004
7.5319999999999998E-004
7.3110000000000004E-004
7.0960000000000001E-004
6.8849999999999998E-004
6.6799999999999997E-004
6.4809999999999998E-004
6.2870000000000005E-004
6.0979999999999997E-004
5.9139999999999996E-004
5.7350000000000001E-004
5.5610000000000002E-004
5.3910000000000004E-004
5.2260000000000002E-004
5.0659999999999995E-004
4.9100000000000001E-004
4.7590000000000002E-004
4.6119999999999999E-004
4.4690000000000002E-004
4.3290000000000001E-004
4.1950000000000001E-004
4.0630000000000001E-004
3.9360000000000003E-004
3.8120000000000000E-004
3.6919999999999998E-004
3.5760000000000002E-004
3.4630000000000001E-004
3.3530000000000002E-004
3.2469999999999998E-004
3.1430000000000000E-004
3.0430000000000002E-004
2.9460000000000001E-004
2.8509999999999999E-004
2.7599999999999999E-004
2.6709999999999999E-004
2.5849999999999999E-004
2.5020000000000001E-004
2.4210000000000000E-004
2.3420000000000000E-004
2.2660000000000001E-004
2.1929999999999999E-004
2.1210000000000001E-004
2.0520000000000000E-004
1.9850000000000000E-004
1.9210000000000001E-004
1.8579999999999999E-004
1.7970000000000000E-004
1.7380000000000000E-004
1.6809999999999999E-004
1.6249999999999999E-004
1.5720000000000000E-004
1.5200000000000001E-004
1.4700000000000000E-004
1.4210000000000001E-004
1.3740000000000001E-004
1.3290000000000000E-004
1.2850000000000001E-004
1.2420000000000001E-004
1.2010000000000001E-004
1.1610000000000000E-004
1.1220000000000000E-004
1.0849999999999999E-004
1.0480000000000000E-004
1.0130000000000000E-004
9.7940000000000001E-005
9.4649999999999997E-005
9.1490000000000007E-005
8.8419999999999997E-005
8.5439999999999995E-005
8.2570000000000004E-005
7.9800000000000002E-005
7.7109999999999999E-005
7.4510000000000003E-005
7.2000000000000002E-005
6.9590000000000003E-005
6.7240000000000000E-005
6.4960000000000001E-005
6.2760000000000002E-005
6.0619999999999999E-005
5.8570000000000003E-005
5.6600000000000000E-005
5.4679999999999998E-005
5.2819999999999999E-005
5.1020000000000003E-005
4.9270000000000001E-005
4.7599999999999998E-005
4.5989999999999998E-005
4.4419999999999998E-005
4.2899999999999999E-005
4.1430000000000001E-005
4.0020000000000000E-005
3.8649999999999998E-005
3.7329999999999997E-005
3.6050000000000002E-005
3.4820000000000002E-005
3.3630000000000002E-005
3.2480000000000001E-005
3.1359999999999998E-005
3.0280000000000001E-005
2.9240000000000001E-005
2.8240000000000001E-005
2.7270000000000001E-005
2.6330000000000000E-005
2.5420000000000001E-005
2.4550000000000000E-005
2.3710000000000002E-005
2.2889999999999999E-005
2.2099999999999998E-005
2.1339999999999999E-005
2.0599999999999999E-005
1.9890000000000001E-005
1.9199999999999999E-005
1.8550000000000000E-005
1.7910000000000000E-005
1.7289999999999999E-005
1.6690000000000001E-005
1.6110000000000000E-005
1.5549999999999999E-005
1.5010000000000000E-005
1.4490000000000000E-005
1.3990000000000000E-005
1.3509999999999999E-005
1.3030000000000001E-005
1.2580000000000000E-005
1.2150000000000001E-005
1.1720000000000000E-005
1.1320000000000000E-005
1.0920000000000000E-005
1.0540000000000001E-005
1.0180000000000001E-005
9.8220000000000002E-006
9.4790000000000002E-006
9.1490000000000000E-006
8.8310000000000007E-006
8.5229999999999995E-006
8.2260000000000005E-006
7.9379999999999992E-006
7.6620000000000005E-006
7.3950000000000003E-006
7.1359999999999999E-006
6.8870000000000003E-006
6.6470000000000001E-006
6.4150000000000004E-006
6.1900000000000000E-006
5.9730000000000002E-006
5.7649999999999999E-006
5.5639999999999996E-006
5.3689999999999998E-006
5.1800000000000004E-006
5.0000000000000004E-006
4.8269999999999997E-006
4.6589999999999998E-006
4.4970000000000003E-006
4.3390000000000003E-006
4.1860000000000002E-006
4.0380000000000001E-006
3.8950000000000000E-006
3.7570000000000002E-006
3.6270000000000002E-006
3.5010000000000000E-006
3.3790000000000002E-006
3.2600000000000001E-006
3.1450000000000000E-006
3.0340000000000001E-006
2.9270000000000001E-006
2.8229999999999999E-006
2.7219999999999999E-006
2.6280000000000001E-006
2.5370000000000000E-006
2.4480000000000001E-006
2.3620000000000000E-006
2.2790000000000001E-006
2.1980000000000000E-006
2.1200000000000000E-006
2.0439999999999998E-006
1.9709999999999998E-006
1.9030000000000000E-006
1.8369999999999999E-006
1.7719999999999999E-006
1.7099999999999999E-006
1.6500000000000001E-006
1.5910000000000001E-006
1.5340000000000001E-006
1.4789999999999999E-006
1.4270000000000001E-006
1.3769999999999999E-006
1.3289999999999999E-006
1.2820000000000000E-006
1.2370000000000000E-006
1.1930000000000001E-006
1.1510000000000001E-006
1.1100000000000000E-006
1.0699999999999999E-006
1.0320000000000000E-006
9.9500000000000000E-007
9.6049999999999995E-007
9.2699999999999998E-007
8.9449999999999997E-007
8.6290000000000003E-007
8.3229999999999996E-007
8.0259999999999995E-007
7.7400000000000002E-007
7.4620000000000005E-007
7.1940000000000005E-007
6.9380000000000003E-007
6.6960000000000001E-007
6.4629999999999996E-007
6.2360000000000005E-007
6.0149999999999998E-007
5.8019999999999997E-007
5.5950000000000000E-007
5.3939999999999997E-007
5.2000000000000000E-007
5.0129999999999997E-007
4.8340000000000000E-007
4.6660000000000001E-007
4.5019999999999999E-007
4.3449999999999998E-007
4.1909999999999999E-007
4.0419999999999998E-007
3.8980000000000001E-007
3.7580000000000002E-007
3.6230000000000001E-007
3.4919999999999998E-007
3.3659999999999998E-007
3.2480000000000000E-007
3.1349999999999999E-007
3.0250000000000002E-007
2.9190000000000001E-007
2.8150000000000003E-007
2.7150000000000002E-007
2.6170000000000002E-007
2.5230000000000000E-007
2.4320000000000001E-007
2.3440000000000001E-007
2.2600000000000001E-007
2.1820000000000001E-007
2.1050000000000001E-007
2.0310000000000001E-007
1.9600000000000001E-007
1.8900000000000001E-007
1.8230000000000001E-007
1.7569999999999999E-007
1.6939999999999999E-007
1.6330000000000001E-007
1.5730000000000001E-007
1.5169999999999999E-007
1.4639999999999999E-007
1.4130000000000000E-007
1.3630000000000000E-007
1.3150000000000001E-007
1.2690000000000000E-007
1.2230000000000000E-007
1.1790000000000000E-007
1.1370000000000001E-007
1.0960000000000000E-007
1.0560000000000001E-007
1.0180000000000000E-007
9.8200000000000006E-008
9.4790000000000004E-008
9.1469999999999998E-008
8.8249999999999999E-008
8.5119999999999997E-008
8.2090000000000003E-008
7.9150000000000004E-008
7.6300000000000002E-008
7.3549999999999994E-008
7.0879999999999997E-008
6.8309999999999994E-008
6.5820000000000003E-008
6.3539999999999999E-008
6.1329999999999994E-008
5.9179999999999998E-008
5.7089999999999997E-008
5.5070000000000003E-008
5.3109999999999997E-008
5.1200000000000002E-008
4.9360000000000000E-008
4.7580000000000000E-008
4.5849999999999997E-008
4.4190000000000001E-008
4.2569999999999997E-008
4.1089999999999999E-008
3.9659999999999999E-008
3.8260000000000000E-008
3.6909999999999998E-008
3.5600000000000001E-008
3.4329999999999997E-008
3.3099999999999999E-008
3.1909999999999999E-008
3.0759999999999999E-008
2.9639999999999999E-008
2.8559999999999999E-008
2.7540000000000000E-008
2.6580000000000000E-008
2.5640000000000000E-008
2.4739999999999999E-008
2.3860000000000000E-008
2.3009999999999999E-008
2.2189999999999999E-008
2.1390000000000002E-008
2.0619999999999999E-008
1.9869999999999999E-008
1.9149999999999999E-008
1.8469999999999999E-008
1.7820000000000000E-008
1.7190000000000000E-008
1.6580000000000000E-008
1.5990000000000000E-008
1.5419999999999998E-008
1.4870000000000000E-008
1.4330000000000000E-008
1.3820000000000001E-008
1.3319999999999999E-008
1.2849999999999999E-008
1.2390000000000000E-008
1.1949999999999999E-008
1.1530000000000000E-008
1.1120000000000000E-008
1.0719999999999999E-008
1.0330000000000001E-008
9.9620000000000001E-009
9.6099999999999997E-009
9.2690000000000001E-009
8.9389999999999998E-009
8.6200000000000004E-009
8.3120000000000002E-009
8.0130000000000003E-009
7.7279999999999998E-009
7.4560000000000007E-009
7.1920000000000000E-009
6.9360000000000000E-009
6.6890000000000004E-009
6.4490000000000004E-009
6.2170000000000003E-009
5.9930000000000003E-009
5.7839999999999999E-009
5.5820000000000000E-009
5.3860000000000002E-009
5.1950000000000004E-009
5.0110000000000002E-009
4.8319999999999999E-009
4.6589999999999997E-009
4.4919999999999998E-009
4.3299999999999997E-009
4.1739999999999999E-009
4.0229999999999999E-009
3.8790000000000004E-009
3.7440000000000003E-009
3.6119999999999999E-009
3.4840000000000000E-009
3.3590000000000001E-009
3.2390000000000001E-009
3.1230000000000001E-009
3.0100000000000002E-009
2.9030000000000000E-009
2.8029999999999999E-009
2.7060000000000000E-009
2.6120000000000001E-009
2.5200000000000000E-009
2.4319999999999999E-009
2.3450000000000001E-009
2.2619999999999998E-009
2.1799999999999999E-009
2.1020000000000000E-009
2.0259999999999998E-009
1.9519999999999999E-009
1.8810000000000000E-009
1.8119999999999999E-009
1.7500000000000000E-009
1.6900000000000000E-009
1.6319999999999999E-009
1.5750000000000000E-009
1.5199999999999999E-009
1.4659999999999999E-009
1.4140000000000001E-009
1.3640000000000000E-009
1.3149999999999999E-009
1.2680000000000000E-009
1.2219999999999999E-009
1.1770000000000000E-009
1.1340000000000000E-009
1.0930000000000001E-009
1.0530000000000000E-009
1.0169999999999999E-009
9.8230000000000001E-010
9.4849999999999998E-010
9.1560000000000002E-010
8.8369999999999996E-010
8.5260000000000003E-010
8.2239999999999997E-010
7.9320000000000001E-010
7.6479999999999999E-010
7.3730000000000003E-010
7.1060000000000001E-010
6.8479999999999995E-010
6.5980000000000004E-010
6.3569999999999999E-010
6.1220000000000002E-010
5.9090000000000000E-010
5.7089999999999996E-010
5.5130000000000005E-010
5.3240000000000004E-010
5.1389999999999995E-010
4.9600000000000004E-010
4.7849999999999995E-010
4.6159999999999999E-010
4.4509999999999999E-010
4.2919999999999998E-010
4.1380000000000001E-010
3.9880000000000001E-010
3.8430000000000001E-010
3.7020000000000002E-010
3.5670000000000002E-010
3.4350000000000000E-010
3.3149999999999999E-010
3.2030000000000002E-010
3.0939999999999999E-010
2.9879999999999999E-010
2.8849999999999999E-010
2.7850000000000002E-010
2.6870000000000001E-010
2.5930000000000002E-010
2.5000000000000002E-010
2.4110000000000003E-010
2.3250000000000000E-010
2.2410000000000001E-010
2.1590000000000000E-010
2.0810000000000001E-010
2.0040000000000000E-010
1.9310000000000001E-010
1.8590000000000000E-010
1.7960000000000001E-010
1.7350000000000000E-010
1.6760000000000000E-010
1.6190000000000000E-010
1.5629999999999999E-010
1.5089999999999999E-010
1.4559999999999999E-010
1.4040000000000000E-010
1.3550000000000000E-010
1.3059999999999999E-010
1.2600000000000000E-010
1.2139999999999999E-010
1.1700000000000001E-010
1.1270000000000000E-010
1.0860000000000000E-010
1.0470000000000000E-010
1.0080000000000000E-010
9.7240000000000005E-011
9.3930000000000005E-011
9.0719999999999998E-011
8.7600000000000000E-011
8.4560000000000003E-011
8.1610000000000003E-011
7.8740000000000004E-011
7.5960000000000002E-011
7.3260000000000001E-011
7.0649999999999996E-011
6.8120000000000006E-011
6.5670000000000004E-011
6.3289999999999995E-011
6.0999999999999996E-011
5.8780000000000003E-011
5.6630000000000002E-011
5.4639999999999998E-011
5.2760000000000001E-011
5.0929999999999999E-011
4.9160000000000001E-011
4.7440000000000000E-011
4.5770000000000001E-011
4.4149999999999997E-011
4.2580000000000003E-011
4.1070000000000000E-011
3.9599999999999998E-011
3.8179999999999998E-011
3.6799999999999998E-011
3.5470000000000001E-011
3.4209999999999997E-011
3.3030000000000001E-011
3.1870000000000002E-011
3.0749999999999997E-011
2.9669999999999999E-011
2.8620000000000000E-011
2.7609999999999999E-011
2.6620000000000001E-011
2.5679999999999999E-011
2.4760000000000000E-011
2.3870000000000001E-011
2.3039999999999999E-011
2.2230000000000000E-011
2.1450000000000001E-011
2.0689999999999998E-011
1.9960000000000001E-011
1.9250000000000001E-011
1.8570000000000000E-011
1.7909999999999999E-011
1.7280000000000001E-011
1.6680000000000001E-011
1.6089999999999999E-011
1.5519999999999998E-011
1.4970000000000001E-011
1.4440000000000001E-011
1.3930000000000001E-011
1.3430000000000001E-011
1.2960000000000000E-011
1.2510000000000001E-011
1.2070000000000000E-011
1.1640000000000000E-011
1.1219999999999999E-011
1.0830000000000000E-011
1.0450000000000000E-011
1.0089999999999999E-011
9.7329999999999998E-012
9.3890000000000005E-012
9.0570000000000007E-012
8.7349999999999994E-012
8.4240000000000005E-012
8.1249999999999994E-012
7.8439999999999993E-012
7.5710000000000000E-012
7.3059999999999998E-012
7.0500000000000001E-012
6.8009999999999998E-012
6.5610000000000000E-012
6.3279999999999997E-012
6.1019999999999996E-012
5.8840000000000004E-012
5.6759999999999996E-012
5.4790000000000004E-012
5.2889999999999998E-012
5.1040000000000001E-012
4.9250000000000001E-012
4.7519999999999999E-012
4.5839999999999999E-012
4.4209999999999998E-012
4.2639999999999996E-012
4.1109999999999997E-012
3.9650000000000002E-012
3.8280000000000002E-012
3.6949999999999999E-012
3.5660000000000000E-012
3.4410000000000000E-012
3.3200000000000000E-012
3.2030000000000000E-012
3.0889999999999999E-012
2.9799999999999998E-012
2.8740000000000001E-012
2.7709999999999998E-012
2.6740000000000001E-012
2.5810000000000000E-012
2.4910000000000002E-012
2.4030000000000002E-012
2.3180000000000000E-012
2.2360000000000002E-012
2.1570000000000002E-012
2.0810000000000001E-012
2.0090000000000000E-012
1.9390000000000001E-012
1.8710000000000000E-012
1.8050000000000001E-012
1.7410000000000000E-012
1.6799999999999999E-012
1.6200000000000000E-012
1.5629999999999999E-012
1.5089999999999999E-012
1.4570000000000000E-012
1.4060000000000001E-012
1.3570000000000000E-012
1.3090000000000000E-012
1.2630000000000000E-012
1.2180000000000001E-012
1.1749999999999999E-012
1.1329999999999999E-012
1.0930000000000001E-012
1.0550000000000000E-012
1.0179999999999999E-012
9.8280000000000001E-013
9.4850000000000005E-013
9.1519999999999998E-013
8.8299999999999997E-013
8.5170000000000000E-013
8.2159999999999995E-013
7.9240000000000004E-013
7.6450000000000002E-013
7.3829999999999999E-013
7.1269999999999998E-013
6.8800000000000000E-013
6.6400000000000000E-013
6.4069999999999999E-013
6.1809999999999996E-013
5.9620000000000002E-013
5.7490000000000000E-013
5.5410000000000003E-013
5.3519999999999998E-013
5.1740000000000000E-013
5.0009999999999996E-013
4.8320000000000000E-013
4.6679999999999999E-013
4.5080000000000001E-013
4.3520000000000000E-013
4.2010000000000000E-013
4.0540000000000002E-013
3.9110000000000002E-013
3.7730000000000002E-013
3.6389999999999999E-013
3.5090000000000000E-013
3.3820000000000001E-013
3.2600000000000002E-013
3.1420000000000001E-013
3.0279999999999998E-013
2.9150000000000002E-013
2.8139999999999999E-013
2.7189999999999998E-013
2.6269999999999998E-013
2.5379999999999999E-013
2.4509999999999999E-013
2.3660000000000002E-013
2.2840000000000002E-013
2.2049999999999999E-013
2.1269999999999999E-013
2.0529999999999999E-013
1.9799999999999999E-013
1.9099999999999999E-013
1.8419999999999999E-013
1.7760000000000000E-013
1.7119999999999999E-013
1.6510000000000000E-013
1.5919999999999999E-013
1.5340000000000001E-013
1.4800000000000000E-013
1.4290000000000000E-013
1.3790000000000000E-013
1.3310000000000001E-013
1.2850000000000001E-013
1.2400000000000000E-013
1.1959999999999999E-013
1.1539999999999999E-013
1.1130000000000000E-013
1.0740000000000000E-013
1.0370000000000000E-013
1.0010000000000000E-013
9.6589999999999995E-014
9.3220000000000006E-014
8.9949999999999998E-014
8.6779999999999997E-014
8.3710000000000004E-014
8.0760000000000001E-014
7.7880000000000005E-014
7.5199999999999998E-014
7.2600000000000001E-014
7.0069999999999998E-014
6.7620000000000006E-014
6.5260000000000004E-014
6.2960000000000004E-014
6.0740000000000002E-014
5.8599999999999998E-014
5.6499999999999999E-014
5.4560000000000003E-014
5.2669999999999998E-014
5.0840000000000001E-014
4.9069999999999999E-014
4.7350000000000001E-014
4.5689999999999999E-014
4.4080000000000000E-014
4.2519999999999998E-014
4.1010000000000000E-014
3.9570000000000002E-014
3.8210000000000002E-014
3.6890000000000001E-014
3.5609999999999999E-014
3.4359999999999998E-014
3.3160000000000001E-014
3.1989999999999998E-014
3.0860000000000001E-014
2.9770000000000002E-014
2.8709999999999998E-014
2.7709999999999999E-014
2.6760000000000001E-014
2.5840000000000000E-014
2.4950000000000000E-014
2.4080000000000000E-014
2.3240000000000001E-014
2.2420000000000001E-014
2.1620000000000000E-014
2.0859999999999999E-014
2.0109999999999999E-014
1.9390000000000000E-014
1.8749999999999999E-014
1.8119999999999999E-014
1.7500000000000001E-014
1.6910000000000001E-014
1.6330000000000001E-014
1.5760000000000000E-014
1.5220000000000000E-014
1.4680000000000000E-014
1.4170000000000000E-014
1.3670000000000000E-014
1.3180000000000000E-014
1.2710000000000000E-014
1.2260000000000000E-014
1.1820000000000000E-014
1.1389999999999999E-014
1.0979999999999999E-014
1.0590000000000001E-014
1.0210000000000000E-014
9.8549999999999994E-015
9.5159999999999992E-015
9.1870000000000004E-015
8.8669999999999999E-015
8.5580000000000006E-015
8.2569999999999999E-015
7.9660000000000005E-015
7.6849999999999993E-015
7.4129999999999996E-015
7.1499999999999998E-015
6.8969999999999999E-015
6.6500000000000004E-015
6.4190000000000004E-015
6.1959999999999997E-015
5.9790000000000003E-015
5.7700000000000003E-015
5.5669999999999999E-015
5.3700000000000001E-015
5.1799999999999998E-015
4.9990000000000002E-015
4.8250000000000001E-015
4.6569999999999997E-015
4.4940000000000001E-015
4.3360000000000002E-015
4.1840000000000001E-015
4.0360000000000001E-015
3.8930000000000000E-015
3.7560000000000003E-015
3.6260000000000002E-015
3.5000000000000001E-015
3.3780000000000001E-015
3.2589999999999999E-015
3.1439999999999998E-015
3.0330000000000002E-015
2.9230000000000000E-015
2.8240000000000001E-015
2.7290000000000000E-015
2.6370000000000001E-015
2.5470000000000002E-015
2.4600000000000001E-015
2.3760000000000000E-015
2.2930000000000000E-015
2.2129999999999999E-015
2.1350000000000002E-015
2.0599999999999999E-015
1.9859999999999999E-015
1.9150000000000002E-015