4.3359999999999997E-006
1.2690000000000000E-005
2.1019999999999999E-005
3.2379999999999998E-005
4.8300000000000002E-005
6.7370000000000000E-005
8.9580000000000006E-005
1.1490000000000000E-004
1.4329999999999999E-004
1.7479999999999999E-004
2.0929999999999999E-004
2.4679999999999998E-004
2.8719999999999999E-004
3.3050000000000001E-004
3.7680000000000000E-004
4.2580000000000000E-004
4.7770000000000001E-004
5.3220000000000003E-004
5.8949999999999996E-004
6.4930000000000001E-004
7.1170000000000001E-004
7.7660000000000001E-004
8.4400000000000002E-004
9.1370000000000004E-004
9.8569999999999994E-004
1.0600000000000000E-003
1.1360000000000001E-003
1.2149999999999999E-003
1.2949999999999999E-003
1.3780000000000001E-003
1.4620000000000000E-003
1.5479999999999999E-003
1.6360000000000001E-003
1.7250000000000000E-003
1.8159999999999999E-003
1.9080000000000000E-003
2.0019999999999999E-003
2.0969999999999999E-003
2.1930000000000001E-003
2.2899999999999999E-003
2.3879999999999999E-003
2.4880000000000002E-003
2.5869999999999999E-003
2.6879999999999999E-003
2.7889999999999998E-003
2.8909999999999999E-003
2.9930000000000000E-003
3.0959999999999998E-003
3.1990000000000000E-003
3.3019999999999998E-003
3.4050000000000000E-003
3.5079999999999998E-003
3.6110000000000001E-003
3.7130000000000002E-003
3.8159999999999999E-003
3.9179999999999996E-003
4.0200000000000001E-003
4.1209999999999997E-003
4.2209999999999999E-003
4.3210000000000002E-003
4.4200000000000003E-003
4.5180000000000003E-003
4.6160000000000003E-003
4.7120000000000000E-003
4.8069999999999996E-003
4.9010000000000000E-003
4.9940000000000002E-003
5.0850000000000001E-003
5.1760000000000000E-003
5.2639999999999996E-003
5.3509999999999999E-003
5.4370000000000000E-003
5.5209999999999999E-003
5.6030000000000003E-003
5.6839999999999998E-003
5.7619999999999998E-003
5.8389999999999996E-003
5.9140000000000000E-003
5.9870000000000001E-003
6.0580000000000000E-003
6.1269999999999996E-003
6.1939999999999999E-003
6.2589999999999998E-003
6.3220000000000004E-003
6.3829999999999998E-003
6.4409999999999997E-003
6.4970000000000002E-003
6.5510000000000004E-003
6.6030000000000004E-003
6.6519999999999999E-003
6.6990000000000001E-003
6.7440000000000000E-003
6.7860000000000004E-003
6.8259999999999996E-003
6.8640000000000003E-003
6.8989999999999998E-003
6.9319999999999998E-003
6.9620000000000003E-003
6.9899999999999997E-003
7.0159999999999997E-003
7.0390000000000001E-003
7.0600000000000003E-003
7.0790000000000002E-003
7.0949999999999997E-003
7.1089999999999999E-003
7.1209999999999997E-003
7.1300000000000001E-003
7.1380000000000002E-003
7.1419999999999999E-003
7.1450000000000003E-003
7.1450000000000003E-003
7.1430000000000000E-003
7.1390000000000004E-003
7.1329999999999996E-003
7.1240000000000001E-003
7.1139999999999997E-003
7.1009999999999997E-003
7.0870000000000004E-003
7.0699999999999999E-003
7.0520000000000001E-003
7.0309999999999999E-003
7.0089999999999996E-003
6.9839999999999998E-003
6.9579999999999998E-003
6.9309999999999997E-003
6.9010000000000000E-003
6.8700000000000002E-003
6.8370000000000002E-003
6.8019999999999999E-003
6.7660000000000003E-003
6.7289999999999997E-003
6.6899999999999998E-003
6.6490000000000004E-003
6.6070000000000000E-003
6.5640000000000004E-003
6.5189999999999996E-003
6.4729999999999996E-003
6.4260000000000003E-003
6.3780000000000000E-003
6.3280000000000003E-003
6.2779999999999997E-003
6.2259999999999998E-003
6.1739999999999998E-003
6.1209999999999997E-003
6.0660000000000002E-003
6.0109999999999999E-003
5.9550000000000002E-003
5.8970000000000003E-003
5.8399999999999997E-003
5.7819999999999998E-003
5.7229999999999998E-003
5.6629999999999996E-003
5.6030000000000003E-003
5.5420000000000001E-003
5.4809999999999998E-003
5.4190000000000002E-003
5.3569999999999998E-003
5.2950000000000002E-003
5.2319999999999997E-003
5.1690000000000000E-003
5.1050000000000002E-003
5.0419999999999996E-003
4.9779999999999998E-003
4.9140000000000000E-003
4.8500000000000001E-003
4.7860000000000003E-003
4.7219999999999996E-003
4.6579999999999998E-003
4.5929999999999999E-003
4.5290000000000000E-003
4.4650000000000002E-003
4.4010000000000004E-003
4.3369999999999997E-003
4.2740000000000000E-003
4.2100000000000002E-003
4.1469999999999996E-003
4.0840000000000000E-003
4.0210000000000003E-003
3.9579999999999997E-003
3.8960000000000002E-003
3.8340000000000002E-003
3.7720000000000002E-003
3.7109999999999999E-003
3.6500000000000000E-003
3.5899999999999999E-003
3.5300000000000002E-003
3.4700000000000000E-003
3.4110000000000000E-003
3.3519999999999999E-003
3.2940000000000001E-003
3.2360000000000002E-003
3.1790000000000000E-003
3.1220000000000002E-003
3.0660000000000001E-003
3.0100000000000001E-003
2.9550000000000002E-003
2.8999999999999998E-003
2.8460000000000000E-003
2.7929999999999999E-003
2.7399999999999998E-003
2.6879999999999999E-003
2.6359999999999999E-003
2.5850000000000001E-003
2.5349999999999999E-003
2.4849999999999998E-003
2.4359999999999998E-003
2.3869999999999998E-003
2.3389999999999999E-003
2.2920000000000002E-003
2.2450000000000000E-003
2.1990000000000000E-003
2.1540000000000001E-003
2.1090000000000002E-003
2.0650000000000000E-003
2.0219999999999999E-003
1.9789999999999999E-003
1.9369999999999999E-003
1.8950000000000000E-003
1.8540000000000000E-003
1.8140000000000001E-003
1.7740000000000000E-003
1.7359999999999999E-003
1.6969999999999999E-003
1.6590000000000001E-003
1.6220000000000000E-003
1.5860000000000000E-003
1.5499999999999999E-003
1.5150000000000001E-003
1.4800000000000000E-003
1.4460000000000000E-003
1.4130000000000000E-003
1.3799999999999999E-003
1.3480000000000000E-003
1.3159999999999999E-003
1.2849999999999999E-003
1.2550000000000000E-003
1.2250000000000000E-003
1.1960000000000000E-003
1.1670000000000001E-003
1.1390000000000000E-003
1.1110000000000000E-003
1.0839999999999999E-003
1.0570000000000000E-003
1.0310000000000000E-003
1.0059999999999999E-003
9.8100000000000010E-004
9.5649999999999999E-004
9.3260000000000001E-004
9.0910000000000003E-004
8.8610000000000002E-004
8.6359999999999996E-004
8.4159999999999997E-004
8.2010000000000004E-004
7.9900000000000001E-004
7.7839999999999995E-004
7.5820000000000000E-004
7.3850000000000001E-004
7.1920000000000003E-004
7.0029999999999995E-004
6.8190000000000004E-004
6.6390000000000004E-004
6.4630000000000004E-004
6.2909999999999995E-004
6.1220000000000003E-004
5.9579999999999995E-004
5.7980000000000000E-004
5.6410000000000000E-004
5.4880000000000000E-004
5.3390000000000002E-004
5.1929999999999999E-004
5.0500000000000002E-004
4.9109999999999996E-004
4.7760000000000001E-004
4.6430000000000001E-004
4.5140000000000002E-004
4.3879999999999999E-004
4.2660000000000002E-004
4.1459999999999999E-004
4.0289999999999998E-004
3.9149999999999998E-004
3.8039999999999998E-004
3.6959999999999998E-004
3.5900000000000000E-004
3.4880000000000002E-004
3.3869999999999999E-004
3.2899999999999997E-004
3.1950000000000001E-004
3.1020000000000000E-004
3.0120000000000000E-004
2.9240000000000001E-004
2.8390000000000002E-004
2.7549999999999997E-004
2.6739999999999999E-004
2.5950000000000002E-004
2.5190000000000000E-004
2.4439999999999998E-004
2.3709999999999999E-004
2.3000000000000001E-004
2.2320000000000000E-004
2.1650000000000000E-004
2.0990000000000001E-004
2.0359999999999999E-004
1.9740000000000000E-004
1.9149999999999999E-004
1.8560000000000001E-004
1.8000000000000001E-004
1.7450000000000001E-004
1.6909999999999999E-004
1.6390000000000000E-004
1.5890000000000001E-004
1.5400000000000000E-004
1.4919999999999999E-004
1.4459999999999999E-004
1.4009999999999999E-004
1.3569999999999999E-004
1.3140000000000000E-004
1.2730000000000000E-004
1.2329999999999999E-004
1.1940000000000000E-004
1.1569999999999999E-004
1.1200000000000000E-004
1.0840000000000001E-004
1.0500000000000000E-004
1.0160000000000000E-004
9.8400000000000007E-005
9.5249999999999998E-005
9.2189999999999997E-005
8.9220000000000003E-005
8.6349999999999998E-005
8.3560000000000006E-005
8.0850000000000000E-005
7.8230000000000001E-005
7.5679999999999994E-005
7.3219999999999994E-005
7.0829999999999998E-005
6.8510000000000006E-005
6.6260000000000006E-005
6.4079999999999996E-005
6.1970000000000005E-005
5.9929999999999997E-005
5.7939999999999998E-005
5.6020000000000002E-005
5.4160000000000003E-005
5.2360000000000000E-005
5.0620000000000000E-005
4.8930000000000001E-005
4.7290000000000003E-005
4.5700000000000000E-005
4.4159999999999997E-005
4.2679999999999998E-005
4.1239999999999998E-005
3.9850000000000000E-005
3.8500000000000001E-005
3.7190000000000001E-005
3.5930000000000003E-005
3.4709999999999998E-005
3.3519999999999998E-005
3.2379999999999998E-005
3.1269999999999997E-005
3.0199999999999999E-005
2.9159999999999999E-005
2.8160000000000001E-005
2.7189999999999999E-005
2.6250000000000001E-005
2.5340000000000001E-005
2.4460000000000000E-005
2.3620000000000001E-005
2.2799999999999999E-005
2.1999999999999999E-005
2.1240000000000000E-005
2.0489999999999999E-005
1.9780000000000000E-005
1.9089999999999998E-005
1.8420000000000000E-005
1.7770000000000001E-005
1.7150000000000000E-005
1.6540000000000001E-005
1.5960000000000000E-005
1.5390000000000000E-005
1.4850000000000000E-005
1.4320000000000000E-005
1.3820000000000000E-005
1.3329999999999999E-005
1.2850000000000001E-005
1.2390000000000000E-005
1.1950000000000001E-005
1.1530000000000000E-005
1.1110000000000000E-005
1.0720000000000001E-005
1.0329999999999999E-005
9.9610000000000000E-006
9.6029999999999994E-006
9.2569999999999996E-006
8.9239999999999996E-006
8.6020000000000000E-006
8.2900000000000002E-006
7.9910000000000002E-006
7.7009999999999996E-006
7.4220000000000003E-006
7.1530000000000000E-006
6.8929999999999999E-006
6.6420000000000001E-006
6.3999999999999997E-006
6.1659999999999999E-006
5.9420000000000000E-006
5.7239999999999997E-006
5.5149999999999997E-006
5.3129999999999998E-006
5.1180000000000000E-006
4.9300000000000002E-006
4.7489999999999998E-006
4.5739999999999997E-006
4.4050000000000002E-006
4.2429999999999999E-006
4.0860000000000004E-006
3.9349999999999996E-006
3.7900000000000001E-006
3.6490000000000001E-006
3.5140000000000002E-006
3.3830000000000001E-006
3.2580000000000000E-006
3.1370000000000002E-006
3.0199999999999999E-006
2.9069999999999999E-006
2.7989999999999998E-006
2.6940000000000000E-006
2.5940000000000001E-006
2.4970000000000000E-006
2.4030000000000001E-006
2.3130000000000001E-006
2.2259999999999999E-006
2.1430000000000001E-006
2.0619999999999999E-006
1.9840000000000000E-006
1.9099999999999999E-006
1.8380000000000000E-006
1.7680000000000001E-006
1.7020000000000000E-006
1.6370000000000000E-006
1.5750000000000000E-006
1.5160000000000000E-006
1.4580000000000001E-006
1.4030000000000000E-006
1.3500000000000000E-006
1.2979999999999999E-006
1.2490000000000000E-006
1.2010000000000000E-006
1.1550000000000000E-006
1.1110000000000000E-006
1.0690000000000001E-006
1.0279999999999999E-006
9.8869999999999995E-007
9.5079999999999996E-007
9.1439999999999998E-007
8.7929999999999999E-007
8.4560000000000000E-007
8.1310000000000000E-007
7.8179999999999997E-007
7.5170000000000004E-007
7.2279999999999999E-007
6.9490000000000001E-007
6.6810000000000001E-007
6.4229999999999997E-007
6.1750000000000002E-007
5.9360000000000002E-007
5.7059999999999999E-007
5.4850000000000002E-007
5.2730000000000002E-007
5.0679999999999996E-007
4.8709999999999996E-007
4.6820000000000002E-007
4.4999999999999998E-007
4.3249999999999999E-007
4.1570000000000000E-007
3.9950000000000000E-007
3.8389999999999999E-007
3.6889999999999997E-007
3.5450000000000000E-007
3.4069999999999997E-007
3.2730000000000003E-007
3.1450000000000002E-007
3.0219999999999999E-007
2.9030000000000000E-007
2.7900000000000000E-007
2.6800000000000002E-007
2.5750000000000002E-007
2.4740000000000001E-007
2.3760000000000001E-007
2.2830000000000000E-007
2.1930000000000001E-007
2.1070000000000000E-007
2.0240000000000001E-007
1.9439999999999999E-007
1.8670000000000000E-007
1.7930000000000000E-007
1.7219999999999999E-007
1.6540000000000001E-007
1.5890000000000000E-007
1.5260000000000000E-007
1.4649999999999999E-007
1.4070000000000001E-007
1.3510000000000001E-007
1.2980000000000001E-007
1.2459999999999999E-007
1.1969999999999999E-007
1.1490000000000000E-007
1.1030000000000000E-007
1.0590000000000000E-007
1.0170000000000000E-007
9.7650000000000004E-008
9.3760000000000000E-008
9.0009999999999997E-008
8.6420000000000002E-008
8.2980000000000006E-008
7.9660000000000000E-008
7.6459999999999998E-008
7.3399999999999996E-008
7.0469999999999995E-008
6.7650000000000000E-008
6.4930000000000000E-008
6.2320000000000005E-008
5.9830000000000000E-008
5.7429999999999999E-008
5.5110000000000002E-008
5.2899999999999997E-008
5.0769999999999997E-008
4.8730000000000000E-008
4.6770000000000001E-008
4.4880000000000002E-008
4.3079999999999999E-008
4.1339999999999998E-008
3.9669999999999997E-008
3.8070000000000003E-008
3.6529999999999997E-008
3.5050000000000000E-008
3.3640000000000002E-008
3.2280000000000002E-008
3.0979999999999997E-008
2.9720000000000001E-008
2.8520000000000000E-008
2.7380000000000001E-008
2.6270000000000000E-008
2.5200000000000001E-008
2.4179999999999999E-008
2.3190000000000001E-008
2.2250000000000001E-008
2.1349999999999999E-008
2.0490000000000000E-008
1.9650000000000001E-008
1.8850000000000000E-008
1.8080000000000000E-008
1.7339999999999998E-008
1.6639999999999999E-008
1.5959999999999999E-008
1.5309999999999999E-008
1.4680000000000000E-008
1.4079999999999999E-008
1.3510000000000000E-008
1.2960000000000000E-008
1.2429999999999999E-008
1.1920000000000000E-008
1.1440000000000000E-008
1.0970000000000000E-008
1.0519999999999999E-008
1.0090000000000000E-008
9.6769999999999996E-009
9.2820000000000000E-009
8.9019999999999992E-009
8.5359999999999995E-009
8.1859999999999996E-009
7.8519999999999998E-009
7.5300000000000003E-009
7.2200000000000003E-009
6.9230000000000002E-009
6.6409999999999997E-009
6.3689999999999998E-009
6.1060000000000002E-009
5.8539999999999998E-009
5.6159999999999996E-009
5.3869999999999997E-009
5.1659999999999997E-009
4.9529999999999997E-009
4.7479999999999997E-009
4.5509999999999997E-009
4.3649999999999997E-009
4.1860000000000002E-009
4.0140000000000004E-009
3.8479999999999999E-009
3.6880000000000001E-009
3.5360000000000002E-009
3.3900000000000001E-009
3.2500000000000002E-009
3.1160000000000000E-009
2.9870000000000001E-009
2.8640000000000000E-009
2.7459999999999998E-009
2.6320000000000000E-009
2.5230000000000001E-009
2.4190000000000000E-009
2.3190000000000000E-009
2.2229999999999999E-009
2.1310000000000002E-009
2.0430000000000001E-009
1.9590000000000000E-009
1.8779999999999999E-009
1.8000000000000000E-009
1.7249999999999999E-009
1.6540000000000001E-009
1.5850000000000000E-009
1.5190000000000000E-009
1.4559999999999999E-009
1.3959999999999999E-009
1.3390000000000000E-009
1.2830000000000000E-009
1.2290000000000000E-009
1.1790000000000000E-009
1.1309999999999999E-009
1.0840000000000000E-009
1.0399999999999999E-009
9.9650000000000002E-010
9.5480000000000005E-010
9.1469999999999995E-010
8.7599999999999997E-010
8.3919999999999996E-010
8.0479999999999995E-010
7.7200000000000002E-010
7.4019999999999999E-010
7.0949999999999998E-010
6.7990000000000000E-010
6.5140000000000005E-010
6.2400000000000002E-010
5.9749999999999995E-010
5.7229999999999998E-010
5.4890000000000004E-010
5.2649999999999999E-010
5.0479999999999995E-010
4.8389999999999995E-010
4.6359999999999998E-010
4.4410000000000000E-010
4.2540000000000000E-010
4.0729999999999998E-010
3.9009999999999998E-010
3.7409999999999998E-010
3.5879999999999999E-010
3.4400000000000000E-010
3.2970000000000001E-010
3.1599999999999999E-010
3.0270000000000000E-010
2.8990000000000000E-010
2.7750000000000002E-010
2.6580000000000000E-010
2.5470000000000001E-010
2.4430000000000002E-010
2.3430000000000001E-010
2.2460000000000001E-010
2.1519999999999999E-010
2.0620000000000000E-010
1.9740000000000001E-010
1.8910000000000000E-010
1.8100000000000000E-010
1.7330000000000001E-010
1.6620000000000001E-010
1.5939999999999999E-010
1.5280000000000000E-010
1.4650000000000001E-010
1.4040000000000000E-010
1.3440000000000000E-010
1.2870000000000001E-010
1.2330000000000000E-010
1.1800000000000001E-010
1.1300000000000000E-010
1.0840000000000000E-010
1.0400000000000000E-010
9.9650000000000000E-011
9.5500000000000006E-011
9.1489999999999999E-011
8.7629999999999999E-011
8.3900000000000002E-011
8.0329999999999996E-011
7.6890000000000005E-011
7.3620000000000000E-011
7.0630000000000006E-011
6.7729999999999995E-011
6.4939999999999998E-011
6.2230000000000001E-011
5.9619999999999997E-011
5.7109999999999997E-011
5.4679999999999999E-011
5.2339999999999997E-011
5.0100000000000000E-011
4.7950000000000000E-011
4.5979999999999999E-011
4.4109999999999997E-011
4.2289999999999997E-011
4.0540000000000003E-011
3.8839999999999998E-011
3.7210000000000000E-011
3.5629999999999997E-011
3.4109999999999999E-011
3.2649999999999998E-011
3.1250000000000002E-011
2.9910000000000003E-011
2.8699999999999998E-011
2.7519999999999999E-011
2.6389999999999999E-011
2.5290000000000001E-011
2.4230000000000000E-011
2.3210000000000000E-011
2.2230000000000000E-011
2.1280000000000000E-011
2.0360000000000001E-011
1.9489999999999999E-011
1.8650000000000002E-011
1.7900000000000001E-011
1.7170000000000001E-011
1.6460000000000001E-011
1.5779999999999999E-011
1.5119999999999999E-011
1.4480000000000000E-011
1.3870000000000000E-011
1.3270000000000000E-011
1.2700000000000000E-011
1.2160000000000000E-011
1.1630000000000000E-011
1.1150000000000000E-011
1.0699999999999999E-011
1.0260000000000000E-011
9.8389999999999996E-012
9.4289999999999995E-012
9.0330000000000000E-012
8.6509999999999994E-012
8.2820000000000005E-012
7.9279999999999993E-012
7.5869999999999999E-012
7.2589999999999997E-012
6.9440000000000003E-012
6.6639999999999999E-012
6.3929999999999999E-012
6.1309999999999996E-012
5.8779999999999998E-012
5.6329999999999999E-012
5.3960000000000000E-012
5.1670000000000001E-012
4.9480000000000003E-012
4.7360000000000000E-012
4.5319999999999997E-012
4.3360000000000001E-012
4.1479999999999997E-012
3.9789999999999999E-012
3.8170000000000004E-012
3.6600000000000002E-012
3.5080000000000000E-012
3.3620000000000000E-012
3.2200000000000000E-012
3.0840000000000002E-012
2.9530000000000000E-012
2.8259999999999999E-012
2.7049999999999999E-012
2.5879999999999999E-012
2.4780000000000001E-012
2.3770000000000001E-012
2.2789999999999999E-012
2.1850000000000001E-012
2.0940000000000002E-012
2.0060000000000001E-012
1.9210000000000000E-012
1.8390000000000001E-012
1.7610000000000001E-012
1.6860000000000001E-012
1.6130000000000001E-012
1.5460000000000001E-012
1.4819999999999999E-012
1.4209999999999999E-012
1.3610000000000000E-012
1.3040000000000001E-012
1.2490000000000000E-012
1.1960000000000000E-012
1.1450000000000001E-012
1.0970000000000001E-012
1.0500000000000000E-012
1.0060000000000000E-012
9.6469999999999992E-013
9.2439999999999998E-013
8.8559999999999998E-013
8.4819999999999996E-013
8.1229999999999998E-013
7.7779999999999998E-013
7.4489999999999999E-013
7.1409999999999996E-013
6.8430000000000002E-013
6.5559999999999995E-013
6.2800000000000005E-013
6.0150000000000001E-013
5.7599999999999997E-013
5.5190000000000000E-013
5.2910000000000004E-013
5.0710000000000003E-013
4.8589999999999998E-013
4.6549999999999999E-013
4.4579999999999998E-013
4.2689999999999998E-013
4.0870000000000002E-013
3.9210000000000002E-013
3.7609999999999998E-013
3.6060000000000000E-013
3.4560000000000001E-013
3.3119999999999999E-013
3.1720000000000000E-013
3.0379999999999998E-013
2.9090000000000000E-013
2.7859999999999999E-013
2.6659999999999999E-013
2.5520000000000001E-013
2.4450000000000002E-013
2.3450000000000001E-013
2.2480000000000001E-013
2.1549999999999999E-013
2.0640000000000001E-013
1.9770000000000001E-013
1.8930000000000001E-013
1.8120000000000000E-013
1.7360000000000001E-013
1.6670000000000001E-013
1.6000000000000000E-013
1.5350000000000000E-013
1.4719999999999999E-013
1.4110000000000000E-013
1.3529999999999999E-013
1.2960000000000000E-013
1.2410000000000000E-013
1.1880000000000001E-013
1.1370000000000001E-013
1.0880000000000000E-013
1.0410000000000001E-013
9.9509999999999997E-014
9.5559999999999999E-014
9.1769999999999997E-014
8.8089999999999994E-014
8.4520000000000002E-014
8.1070000000000002E-014
7.7719999999999996E-014
7.4490000000000006E-014
7.1359999999999998E-014
6.8349999999999994E-014
6.5430000000000005E-014
6.2620000000000002E-014
5.9919999999999999E-014
5.7320000000000002E-014
5.4820000000000000E-014
5.2429999999999997E-014
5.0369999999999998E-014
4.8379999999999998E-014
4.6450000000000000E-014
4.4570000000000000E-014
4.2750000000000001E-014
4.1000000000000002E-014
3.9290000000000002E-014
3.7650000000000002E-014
3.6060000000000000E-014
3.4529999999999999E-014
3.3050000000000002E-014
3.1620000000000002E-014
3.0249999999999997E-014
2.8930000000000003E-014
2.7650000000000001E-014
2.6530000000000002E-014
2.5490000000000000E-014
2.4480000000000000E-014
2.3500000000000001E-014
2.2549999999999999E-014
2.1629999999999998E-014
2.0739999999999999E-014
1.9880000000000000E-014
1.9050000000000002E-014
1.8240000000000000E-014
1.7470000000000000E-014
1.6720000000000000E-014
1.5990000000000000E-014
1.5299999999999999E-014
1.4630000000000000E-014
1.3980000000000001E-014
1.3420000000000000E-014
1.2889999999999999E-014
1.2390000000000000E-014
1.1890000000000000E-014
1.1420000000000000E-014
1.0950000000000000E-014
1.0499999999999999E-014
1.0070000000000000E-014
9.6490000000000004E-015
9.2429999999999997E-015
8.8509999999999997E-015
8.4720000000000004E-015
8.1070000000000002E-015
7.7550000000000008E-015
7.4160000000000006E-015
7.0910000000000002E-015
6.7749999999999998E-015
6.5120000000000001E-015
6.2580000000000003E-015
6.0110000000000001E-015
5.7719999999999999E-015
5.5400000000000001E-015
5.3149999999999998E-015
5.0979999999999996E-015
4.8869999999999999E-015
4.6829999999999998E-015
4.4859999999999999E-015
4.2960000000000004E-015
4.1130000000000004E-015
3.9360000000000001E-015
3.7650000000000002E-015
3.6019999999999998E-015
3.4440000000000000E-015
3.2919999999999999E-015
3.1560000000000000E-015
3.0320000000000000E-015
2.9120000000000000E-015
2.7949999999999999E-015
2.6820000000000002E-015
2.5730000000000002E-015
2.4670000000000001E-015
2.3640000000000002E-015
2.2660000000000001E-015
2.1700000000000002E-015
2.0779999999999998E-015
1.9900000000000000E-015
1.9040000000000002E-015
1.8220000000000000E-015
1.7439999999999999E-015
1.6680000000000001E-015
1.5990000000000000E-015
1.5350000000000001E-015
1.4730000000000001E-015
1.4130000000000001E-015
1.3549999999999999E-015
1.2990000000000000E-015
1.2449999999999999E-015
1.1930000000000001E-015
1.1430000000000000E-015
1.0950000000000000E-015
1.0480000000000001E-015
1.0039999999999999E-015
9.6060000000000007E-016
9.2029999999999999E-016
8.8309999999999999E-016
8.4699999999999996E-016
8.1219999999999996E-016
7.7859999999999997E-016
7.4619999999999998E-016
7.1499999999999998E-016
6.8510000000000003E-016
6.5619999999999999E-016
6.2860000000000000E-016
6.0189999999999998E-016
5.7739999999999998E-016
5.5370000000000000E-016
5.3079999999999997E-016
5.0880000000000000E-016
4.8759999999999998E-016
4.6710000000000004E-016
4.4760000000000002E-016
4.2889999999999998E-016
4.1139999999999999E-016
3.9440000000000001E-016
3.7810000000000002E-016
3.6239999999999998E-016
3.4729999999999999E-016
3.3280000000000000E-016
3.1880000000000002E-016
3.0559999999999998E-016
2.9299999999999998E-016
2.8089999999999999E-016
2.6930000000000001E-016
2.5809999999999999E-016
2.4720000000000000E-016
2.3710000000000000E-016
2.2740000000000001E-016
2.1810000000000001E-016
2.0910000000000001E-016
2.0040000000000001E-016
1.9210000000000001E-016
1.8400000000000001E-016
1.7630000000000000E-016
1.6889999999999999E-016
1.6210000000000001E-016
1.5550000000000001E-016
1.4910000000000000E-016
1.4300000000000001E-016
1.3710000000000000E-016
1.3140000000000000E-016
1.2590000000000001E-016
1.2060000000000000E-016
1.1550000000000000E-016
1.1060000000000000E-016
1.0620000000000000E-016
1.0190000000000000E-016
9.7710000000000002E-017
9.3680000000000001E-017
8.9800000000000000E-017
8.6060000000000000E-017
8.2460000000000000E-017
7.9000000000000002E-017
7.5660000000000006E-017
7.2489999999999996E-017
6.9560000000000003E-017
6.6740000000000001E-017
6.4010000000000004E-017
6.1369999999999999E-017
5.8829999999999999E-017
5.6390000000000003E-017
5.4030000000000000E-017
5.1770000000000001E-017
4.9600000000000001E-017
4.7500000000000001E-017
4.6810000000000003E-017
4.6039999999999998E-017
4.4880000000000002E-017
4.3349999999999998E-017
4.1440000000000001E-017
3.9159999999999998E-017
3.6529999999999999E-017
3.2850000000000000E-017
2.6810000000000001E-017
2.1299999999999999E-017
1.6319999999999999E-017
1.1849999999999999E-017
7.8809999999999999E-018
4.4179999999999999E-018
1.4470000000000001E-018
0.0000000000000000
0.0000000000000000
0.0000000000000000
0.0000000000000000
0.0000000000000000
0.0000000000000000
0.0000000000000000
0.0000000000000000
0.0000000000000000
0.0000000000000000
0.0000000000000000
0.0000000000000000
0.0000000000000000
0.0000000000000000
0.0000000000000000
0.0000000000000000
0.0000000000000000
0.0000000000000000
0.0000000000000000
0.0000000000000000
0.0000000000000000
0.0000000000000000
0.0000000000000000
0.0000000000000000
0.0000000000000000
0.0000000000000000
0.0000000000000000
0.0000000000000000
0.0000000000000000
0.0000000000000000
0.0000000000000000
0.0000000000000000
0.0000000000000000
0.0000000000000000
0.0000000000000000
0.0000000000000000
0.0000000000000000
0.0000000000000000
0.0000000000000000
0.0000000000000000
0.0000000000000000
0.0000000000000000
0.0000000000000000
0.0000000000000000
0.0000000000000000
0.0000000000000000
0.0000000000000000
0.0000000000000000
0.0000000000000000
0.0000000000000000
0.0000000000000000
0.0000000000000000
0.0000000000000000
0.0000000000000000
0.0000000000000000
0.0000000000000000
0.0000000000000000
0.0000000000000000
0.0000000000000000
0.0000000000000000
0.0000000000000000
0.0000000000000000
0.0000000000000000
0.0000000000000000
0.0000000000000000
0.0000000000000000
0.0000000000000000
0.0000000000000000
0.0000000000000000
0.0000000000000000
0.0000000000000000
0.0000000000000000
0.0000000000000000
0.0000000000000000
0.0000000000000000
0.0000000000000000
0.0000000000000000
0.0000000000000000
0.0000000000000000
0.0000000000000000
0.0000000000000000
0.0000000000000000
0.0000000000000000
0.0000000000000000
0.0000000000000000
0.0000000000000000
0.0000000000000000
0.0000000000000000
0.0000000000000000
0.0000000000000000
0.0000000000000000
0.0000000000000000
0.0000000000000000
0.0000000000000000
0.0000000000000000
0.0000000000000000
0.0000000000000000
0.0000000000000000
0.0000000000000000
0.0000000000000000
0.0000000000000000
0.0000000000000000
0.0000000000000000
0.0000000000000000
0.0000000000000000
0.0000000000000000
0.0000000000000000
0.0000000000000000
0.0000000000000000
0.0000000000000000
0.0000000000000000
0.0000000000000000
0.0000000000000000
0.0000000000000000
0.0000000000000000
0.0000000000000000
0.0000000000000000
0.0000000000000000
0.0000000000000000
0.0000000000000000
0.0000000000000000
0.0000000000000000
0.0000000000000000
0.0000000000000000
0.0000000000000000
0.0000000000000000
0.0000000000000000
0.0000000000000000
0.0000000000000000
0.0000000000000000
0.0000000000000000
0.0000000000000000
0.0000000000000000
0.0000000000000000
0.0000000000000000
0.0000000000000000
0.0000000000000000
0.0000000000000000
0.0000000000000000
0.0000000000000000
0.0000000000000000
0.0000000000000000
0.0000000000000000
0.0000000000000000
0.0000000000000000
0.0000000000000000
0.0000000000000000
0.0000000000000000
0.0000000000000000
0.0000000000000000
0.0000000000000000
0.0000000000000000
0.0000000000000000
0.0000000000000000
0.0000000000000000
0.0000000000000000
0.0000000000000000
0.0000000000000000
0.0000000000000000
0.0000000000000000
0.0000000000000000
0.0000000000000000
0.0000000000000000
0.0000000000000000
0.0000000000000000
0.0000000000000000
0.0000000000000000
0.0000000000000000
0.0000000000000000
0.0000000000000000
0.0000000000000000
0.0000000000000000
0.0000000000000000
0.0000000000000000
0.0000000000000000
0.0000000000000000
0.0000000000000000
0.0000000000000000
0.0000000000000000
0.0000000000000000
0.0000000000000000
0.0000000000000000
0.0000000000000000
0.0000000000000000
0.0000000000000000
0.0000000000000000
0.0000000000000000
0.0000000000000000
0.0000000000000000