1.6610000000000001E-007
4.8650000000000002E-007
8.0739999999999999E-007
1.2449999999999999E-006
1.8570000000000000E-006
2.5909999999999998E-006
3.4479999999999999E-006
4.4279999999999998E-006
5.5300000000000004E-006
6.7549999999999997E-006
8.1030000000000002E-006
9.5740000000000002E-006
1.1170000000000000E-005
1.2880000000000000E-005
1.4720000000000000E-005
1.6690000000000001E-005
1.8770000000000002E-005
2.0979999999999999E-005
2.3320000000000000E-005
2.5769999999999999E-005
2.8350000000000001E-005
3.1059999999999997E-005
3.3890000000000002E-005
3.6840000000000000E-005
3.9919999999999997E-005
4.3120000000000001E-005
4.6449999999999997E-005
4.9900000000000000E-005
5.3480000000000003E-005
5.7179999999999998E-005
6.1010000000000000E-005
6.4969999999999996E-005
6.9049999999999998E-005
7.3250000000000005E-005
7.7579999999999999E-005
8.2039999999999994E-005
8.6630000000000002E-005
9.1340000000000003E-005
9.6180000000000004E-005
1.0110000000000000E-004
1.0620000000000001E-004
1.1150000000000000E-004
1.1680000000000001E-004
1.2229999999999999E-004
1.2789999999999999E-004
1.3359999999999999E-004
1.3950000000000000E-004
1.4540000000000001E-004
1.5160000000000000E-004
1.5779999999999999E-004
1.6420000000000001E-004
1.7070000000000000E-004
1.7730000000000000E-004
1.8400000000000000E-004
1.9090000000000001E-004
1.9790000000000001E-004
2.0510000000000000E-004
2.1230000000000001E-004
2.1970000000000000E-004
2.2719999999999999E-004
2.3489999999999999E-004
2.4269999999999999E-004
2.5060000000000002E-004
2.5860000000000000E-004
2.6679999999999998E-004
2.7500000000000002E-004
2.8350000000000001E-004
2.9200000000000000E-004
3.0069999999999999E-004
3.0949999999999999E-004
3.1839999999999999E-004
3.2739999999999999E-004
3.3660000000000000E-004
3.4590000000000001E-004
3.5530000000000002E-004
3.6479999999999998E-004
3.7450000000000000E-004
3.8430000000000002E-004
3.9419999999999999E-004
4.0420000000000001E-004
4.1439999999999999E-004
4.2470000000000002E-004
4.3510000000000000E-004
4.4559999999999999E-004
4.5619999999999998E-004
4.6690000000000002E-004
4.7780000000000001E-004
4.8879999999999996E-004
4.9989999999999995E-004
5.1110000000000001E-004
5.2240000000000001E-004
5.3390000000000002E-004
5.4540000000000003E-004
5.5710000000000004E-004
5.6890000000000000E-004
5.8069999999999997E-004
5.9279999999999999E-004
6.0490000000000001E-004
6.1709999999999998E-004
6.2940000000000001E-004
6.4179999999999999E-004
6.5430000000000002E-004
6.6690000000000000E-004
6.7960000000000004E-004
6.9249999999999997E-004
7.0540000000000002E-004
7.1840000000000001E-004
7.3160000000000000E-004
7.4470000000000005E-004
7.5799999999999999E-004
7.7150000000000005E-004
7.8479999999999999E-004
7.9849999999999995E-004
8.1209999999999995E-004
8.2580000000000001E-004
8.3960000000000003E-004
8.5360000000000004E-004
8.6750000000000000E-004
8.8159999999999996E-004
8.9570000000000003E-004
9.0990000000000005E-004
9.2420000000000002E-004
9.3849999999999999E-004
9.5299999999999996E-004
9.6750000000000004E-004
9.8189999999999996E-004
9.9660000000000005E-004
1.0110000000000000E-003
1.0260000000000000E-003
1.0410000000000000E-003
1.0560000000000001E-003
1.0709999999999999E-003
1.0859999999999999E-003
1.1010000000000000E-003
1.1160000000000000E-003
1.1310000000000001E-003
1.1460000000000001E-003
1.1609999999999999E-003
1.1760000000000000E-003
1.1910000000000000E-003
1.2070000000000000E-003
1.2220000000000000E-003
1.2370000000000000E-003
1.2530000000000000E-003
1.2680000000000000E-003
1.2840000000000000E-003
1.2990000000000000E-003
1.3150000000000000E-003
1.3300000000000000E-003
1.3460000000000000E-003
1.3610000000000000E-003
1.3770000000000000E-003
1.3920000000000000E-003
1.4080000000000000E-003
1.4230000000000000E-003
1.4390000000000000E-003
1.4549999999999999E-003
1.4700000000000000E-003
1.4859999999999999E-003
1.5009999999999999E-003
1.5169999999999999E-003
1.5319999999999999E-003
1.5479999999999999E-003
1.5629999999999999E-003
1.5790000000000001E-003
1.5939999999999999E-003
1.6100000000000001E-003
1.6249999999999999E-003
1.6400000000000000E-003
1.6559999999999999E-003
1.6710000000000000E-003
1.6860000000000000E-003
1.7020000000000000E-003
1.7170000000000000E-003
1.7320000000000000E-003
1.7470000000000001E-003
1.7619999999999999E-003
1.7769999999999999E-003
1.7920000000000000E-003
1.8070000000000000E-003
1.8220000000000001E-003
1.8370000000000001E-003
1.8519999999999999E-003
1.8660000000000000E-003
1.8810000000000001E-003
1.8959999999999999E-003
1.9100000000000000E-003
1.9250000000000001E-003
1.9390000000000000E-003
1.9530000000000001E-003
1.9680000000000001E-003
1.9819999999999998E-003
1.9959999999999999E-003
2.0100000000000001E-003
2.0240000000000002E-003
2.0379999999999999E-003
2.0509999999999999E-003
2.0650000000000000E-003
2.0790000000000001E-003
2.0920000000000001E-003
2.1059999999999998E-003
2.1189999999999998E-003
2.1320000000000002E-003
2.1450000000000002E-003
2.1580000000000002E-003
2.1710000000000002E-003
2.1840000000000002E-003
2.1970000000000002E-003
2.2090000000000000E-003
2.2220000000000000E-003
2.2339999999999999E-003
2.2460000000000002E-003
2.2590000000000002E-003
2.2710000000000000E-003
2.2829999999999999E-003
2.2940000000000000E-003
2.3059999999999999E-003
2.3180000000000002E-003
2.3289999999999999E-003
2.3410000000000002E-003
2.3519999999999999E-003
2.3630000000000001E-003
2.3739999999999998E-003
2.3850000000000000E-003
2.3960000000000001E-003
2.4060000000000002E-003
2.4169999999999999E-003
2.4269999999999999E-003
2.4369999999999999E-003
2.4470000000000000E-003
2.4570000000000000E-003
2.4670000000000000E-003
2.4770000000000000E-003
2.4859999999999999E-003
2.4960000000000000E-003
2.5049999999999998E-003
2.5140000000000002E-003
2.5230000000000001E-003
2.5320000000000000E-003
2.5409999999999999E-003
2.5490000000000001E-003
2.5579999999999999E-003
2.5660000000000001E-003
2.5739999999999999E-003
2.5820000000000001E-003
2.5899999999999999E-003
2.5980000000000000E-003
2.6059999999999998E-003
2.6129999999999999E-003
2.6199999999999999E-003
2.6270000000000000E-003
2.6340000000000001E-003
2.6410000000000001E-003
2.6480000000000002E-003
2.6549999999999998E-003
2.6610000000000002E-003
2.6670000000000001E-003
2.6730000000000000E-003
2.6790000000000000E-003
2.6849999999999999E-003
2.6909999999999998E-003
2.6960000000000000E-003
2.7020000000000000E-003
2.7070000000000002E-003
2.7120000000000000E-003
2.7169999999999998E-003
2.7220000000000000E-003
2.7260000000000001E-003
2.7309999999999999E-003
2.7350000000000000E-003
2.7390000000000001E-003
2.7439999999999999E-003
2.7469999999999999E-003
2.7510000000000000E-003
2.7550000000000001E-003
2.7580000000000000E-003
2.7620000000000001E-003
2.7650000000000001E-003
2.7680000000000001E-003
2.7710000000000000E-003
2.7729999999999999E-003
2.7759999999999998E-003
2.7780000000000001E-003
2.7810000000000001E-003
2.7829999999999999E-003
2.7850000000000001E-003
2.7870000000000000E-003
2.7880000000000001E-003
2.7899999999999999E-003
2.7910000000000001E-003
2.7929999999999999E-003
2.7940000000000000E-003
2.7950000000000002E-003
2.7959999999999999E-003
2.7970000000000000E-003
2.7970000000000000E-003
2.7980000000000001E-003
2.7980000000000001E-003
2.7980000000000001E-003
2.7980000000000001E-003
2.7980000000000001E-003
2.7980000000000001E-003
2.7980000000000001E-003
2.7970000000000000E-003
2.7959999999999999E-003
2.7959999999999999E-003
2.7950000000000002E-003
2.7940000000000000E-003
2.7929999999999999E-003
2.7910000000000001E-003
2.7899999999999999E-003
2.7880000000000001E-003
2.7870000000000000E-003
2.7850000000000001E-003
2.7829999999999999E-003
2.7810000000000001E-003
2.7789999999999998E-003
2.7770000000000000E-003
2.7740000000000000E-003
2.7720000000000002E-003
2.7690000000000002E-003
2.7659999999999998E-003
2.7629999999999998E-003
2.7599999999999999E-003
2.7569999999999999E-003
2.7539999999999999E-003
2.7510000000000000E-003
2.7469999999999999E-003
2.7439999999999999E-003
2.7399999999999998E-003
2.7360000000000002E-003
2.7320000000000001E-003
2.7280000000000000E-003
2.7239999999999999E-003
2.7200000000000002E-003
2.7160000000000001E-003
2.7109999999999999E-003
2.7070000000000002E-003
2.7020000000000000E-003
2.6979999999999999E-003
2.6930000000000001E-003
2.6879999999999999E-003
2.6830000000000001E-003
2.6779999999999998E-003
2.6719999999999999E-003
2.6670000000000001E-003
2.6619999999999999E-003
2.6559999999999999E-003
2.6510000000000001E-003
2.6450000000000002E-003
2.6389999999999999E-003
2.6329999999999999E-003
2.6270000000000000E-003
2.6210000000000001E-003
2.6150000000000001E-003
2.6090000000000002E-003
2.6029999999999998E-003
2.5959999999999998E-003
2.5899999999999999E-003
2.5839999999999999E-003
2.5769999999999999E-003
2.5699999999999998E-003
2.5639999999999999E-003
2.5569999999999998E-003
2.5500000000000002E-003
2.5430000000000001E-003
2.5360000000000001E-003
2.5290000000000000E-003
2.5219999999999999E-003
2.5140000000000002E-003
2.5070000000000001E-003
2.5000000000000001E-003
2.4919999999999999E-003
2.4849999999999998E-003
2.4770000000000000E-003
2.4700000000000000E-003
2.4620000000000002E-003
2.4540000000000000E-003
2.4459999999999998E-003
2.4390000000000002E-003
2.4310000000000000E-003
2.4229999999999998E-003
2.4150000000000000E-003
2.4069999999999999E-003
2.3980000000000000E-003
2.3900000000000002E-003
2.3820000000000000E-003
2.3739999999999998E-003
2.3649999999999999E-003
2.3570000000000002E-003
2.3490000000000000E-003
2.3400000000000001E-003
2.3319999999999999E-003
2.3230000000000000E-003
2.3140000000000001E-003
2.3059999999999999E-003
2.2970000000000000E-003
2.2880000000000001E-003
2.2799999999999999E-003
2.2710000000000000E-003
2.2620000000000001E-003
2.2529999999999998E-003
2.2439999999999999E-003
2.2350000000000000E-003
2.2260000000000001E-003
2.2169999999999998E-003
2.2079999999999999E-003
2.1990000000000000E-003
2.1900000000000001E-003
2.1810000000000002E-003
2.1719999999999999E-003
2.1630000000000000E-003
2.1540000000000001E-003
2.1450000000000002E-003
2.1350000000000002E-003
2.1259999999999999E-003
2.1170000000000000E-003
2.1080000000000001E-003
2.0980000000000000E-003
2.0890000000000001E-003
2.0799999999999998E-003
2.0699999999999998E-003
2.0609999999999999E-003
2.0520000000000000E-003
2.0420000000000000E-003
2.0330000000000001E-003
2.0230000000000001E-003
2.0140000000000002E-003
2.0040000000000001E-003
1.9949999999999998E-003
1.9849999999999998E-003
1.9759999999999999E-003
1.9670000000000000E-003
1.9570000000000000E-003
1.9480000000000001E-003
1.9380000000000001E-003
1.9280000000000000E-003
1.9189999999999999E-003
1.9090000000000001E-003
1.9000000000000000E-003
1.8900000000000000E-003
1.8810000000000001E-003
1.8710000000000001E-003
1.8619999999999999E-003
1.8519999999999999E-003
1.8430000000000000E-003
1.8330000000000000E-003
1.8240000000000001E-003
1.8140000000000001E-003
1.8050000000000000E-003
1.7949999999999999E-003
1.7860000000000000E-003
1.7760000000000000E-003
1.7669999999999999E-003
1.7580000000000000E-003
1.7480000000000000E-003
1.7390000000000001E-003
1.7290000000000001E-003
1.7200000000000000E-003
1.7099999999999999E-003
1.7010000000000000E-003
1.6919999999999999E-003
1.6819999999999999E-003
1.6730000000000000E-003
1.6639999999999999E-003
1.6540000000000001E-003
1.6450000000000000E-003
1.6360000000000001E-003
1.6260000000000001E-003
1.6169999999999999E-003
1.6080000000000001E-003
1.5989999999999999E-003
1.5889999999999999E-003
1.5800000000000000E-003
1.5709999999999999E-003
1.5620000000000000E-003
1.5529999999999999E-003
1.5440000000000000E-003
1.5349999999999999E-003
1.5250000000000001E-003
1.5160000000000000E-003
1.5070000000000001E-003
1.4980000000000000E-003
1.4890000000000001E-003
1.4800000000000000E-003
1.4710000000000001E-003
1.4630000000000001E-003
1.4540000000000000E-003
1.4450000000000001E-003
1.4360000000000000E-003
1.4270000000000001E-003
1.4180000000000000E-003
1.4100000000000000E-003
1.4009999999999999E-003
1.3920000000000000E-003
1.3840000000000000E-003
1.3749999999999999E-003
1.3660000000000000E-003
1.3580000000000000E-003
1.3489999999999999E-003
1.3410000000000000E-003
1.3320000000000001E-003
1.3240000000000001E-003
1.3150000000000000E-003
1.3070000000000000E-003
1.2979999999999999E-003
1.2899999999999999E-003
1.2819999999999999E-003
1.2740000000000000E-003
1.2650000000000001E-003
1.2570000000000001E-003
1.2489999999999999E-003
1.2409999999999999E-003
1.2329999999999999E-003
1.2250000000000000E-003
1.2160000000000001E-003
1.2090000000000000E-003
1.1999999999999999E-003
1.1930000000000000E-003
1.1850000000000001E-003
1.1770000000000001E-003
1.1689999999999999E-003
1.1609999999999999E-003
1.1529999999999999E-003
1.1460000000000001E-003
1.1379999999999999E-003
1.1299999999999999E-003
1.1230000000000001E-003
1.1150000000000001E-003
1.1069999999999999E-003
1.1000000000000001E-003
1.0920000000000001E-003
1.0850000000000000E-003
1.0770000000000000E-003
1.0700000000000000E-003
1.0629999999999999E-003
1.0549999999999999E-003
1.0480000000000001E-003
1.0410000000000000E-003
1.0340000000000000E-003
1.0269999999999999E-003
1.0189999999999999E-003
1.0120000000000001E-003
1.0050000000000000E-003
9.9820000000000009E-004
9.9120000000000002E-004
9.8430000000000002E-004
9.7729999999999996E-004
9.7050000000000001E-004
9.6360000000000000E-004
9.5690000000000000E-004
9.5020000000000000E-004
9.4350000000000000E-004
9.3669999999999995E-004
9.3010000000000000E-004
9.2349999999999995E-004
9.1699999999999995E-004
9.1049999999999996E-004
9.0399999999999996E-004
8.9760000000000003E-004
8.9119999999999998E-004
8.8480000000000004E-004
8.7850000000000005E-004
8.7219999999999995E-004
8.6600000000000002E-004
8.5979999999999997E-004
8.5360000000000004E-004
8.4749999999999995E-004
8.4139999999999996E-004
8.3540000000000003E-004
8.2939999999999999E-004
8.2339999999999996E-004
8.1740000000000003E-004
8.1160000000000000E-004
8.0570000000000001E-004
7.9989999999999998E-004
7.9409999999999995E-004
7.8839999999999997E-004
7.8270000000000000E-004
7.7709999999999997E-004
7.7139999999999999E-004
7.6579999999999997E-004
7.6029999999999999E-004
7.5480000000000002E-004
7.4930000000000005E-004
7.4390000000000003E-004
7.3850000000000001E-004
7.3309999999999998E-004
7.2780000000000002E-004
7.2250000000000005E-004
7.1730000000000003E-004
7.1199999999999996E-004
7.0690000000000000E-004
7.0180000000000004E-004
6.9660000000000002E-004
6.9160000000000001E-004
6.8650000000000004E-004
6.8150000000000003E-004
6.7650000000000002E-004
6.7150000000000000E-004
6.6660000000000005E-004
6.6169999999999998E-004
6.5680000000000003E-004
6.5200000000000002E-004
6.4709999999999995E-004
6.4230000000000005E-004
6.3750000000000005E-004
6.3270000000000004E-004
6.2799999999999998E-004
6.2319999999999997E-004
6.1850000000000002E-004
6.1379999999999996E-004
6.0910000000000001E-004
6.0439999999999995E-004
5.9969999999999999E-004
5.9509999999999999E-004
5.9040000000000004E-004
5.8569999999999998E-004
5.8109999999999998E-004
5.7640000000000002E-004
5.7169999999999996E-004
5.6700000000000001E-004
5.6229999999999995E-004
5.5769999999999995E-004
5.5300000000000000E-004
5.4830000000000005E-004
5.4359999999999999E-004
5.3879999999999998E-004
5.3399999999999997E-004
5.2930000000000002E-004
5.2439999999999995E-004
5.1960000000000005E-004
5.1480000000000004E-004
5.0989999999999998E-004
5.0509999999999997E-004
5.0009999999999996E-004
4.9510000000000005E-004
4.9010000000000004E-004
4.8509999999999997E-004
4.8010000000000001E-004
4.7500000000000000E-004
4.6989999999999998E-004
4.6480000000000002E-004
4.5960000000000000E-004
4.5429999999999998E-004
4.4910000000000002E-004
4.4380000000000000E-004
4.3849999999999998E-004
4.3310000000000001E-004
4.2779999999999999E-004
4.2240000000000002E-004
4.1700000000000000E-004
4.1149999999999997E-004
4.0600000000000000E-004
4.0049999999999998E-004
3.9490000000000000E-004
3.8939999999999998E-004
3.8390000000000001E-004
3.7829999999999998E-004
3.7280000000000001E-004
3.6719999999999998E-004
3.6160000000000001E-004
3.5589999999999998E-004
3.5020000000000000E-004
3.4459999999999997E-004
3.3900000000000000E-004
3.3330000000000002E-004
3.2780000000000000E-004
3.2220000000000003E-004
3.1670000000000000E-004
3.1119999999999997E-004
3.0550000000000000E-004
2.9990000000000003E-004
2.9440000000000000E-004
2.8889999999999997E-004
2.8340000000000000E-004
2.7799999999999998E-004
2.7270000000000001E-004
2.6739999999999999E-004
2.6209999999999997E-004
2.5690000000000001E-004
2.5159999999999999E-004
2.4640000000000003E-004
2.4120000000000001E-004
2.3620000000000000E-004
2.3110000000000001E-004
2.2620000000000000E-004
2.2130000000000001E-004
2.1650000000000000E-004
2.1170000000000000E-004
2.0699999999999999E-004
2.0239999999999999E-004
1.9770000000000001E-004
1.9320000000000001E-004
1.8870000000000001E-004
1.8430000000000001E-004
1.8000000000000001E-004
1.7569999999999999E-004
1.7149999999999999E-004
1.6740000000000000E-004
1.6339999999999999E-004
1.5950000000000000E-004
1.5550000000000001E-004
1.5170000000000000E-004
1.4789999999999999E-004
1.4420000000000001E-004
1.4060000000000000E-004
1.3710000000000000E-004
1.3359999999999999E-004
1.3019999999999999E-004
1.2679999999999999E-004
1.2360000000000000E-004
1.2040000000000000E-004
1.1730000000000001E-004
1.1420000000000000E-004
1.1120000000000001E-004
1.0830000000000000E-004
1.0540000000000000E-004
1.0260000000000000E-004
9.9889999999999994E-005
9.7209999999999999E-005
9.4599999999999996E-005
9.2040000000000006E-005
8.9549999999999995E-005
8.7139999999999996E-005
8.4790000000000006E-005
8.2479999999999996E-005
8.0240000000000004E-005
7.8050000000000000E-005
7.5900000000000002E-005
7.3810000000000000E-005
7.1760000000000004E-005
6.9770000000000005E-005
6.7819999999999998E-005
6.5920000000000006E-005
6.4079999999999996E-005
6.2310000000000005E-005
6.0579999999999999E-005
5.8900000000000002E-005
5.7259999999999997E-005
5.5649999999999997E-005
5.4079999999999997E-005
5.2549999999999997E-005
5.1060000000000002E-005
4.9610000000000001E-005
4.8199999999999999E-005
4.6820000000000002E-005
4.5469999999999997E-005
4.4199999999999997E-005
4.2950000000000000E-005
4.1739999999999997E-005
4.0559999999999998E-005
3.9400000000000002E-005
3.8269999999999998E-005
3.7180000000000000E-005
3.6109999999999998E-005
3.5070000000000001E-005
3.4050000000000001E-005
3.3059999999999999E-005
3.2110000000000003E-005
3.1199999999999999E-005
3.0309999999999999E-005
2.9450000000000001E-005
2.8600000000000001E-005
2.7770000000000000E-005
2.6970000000000001E-005
2.6190000000000002E-005
2.5429999999999999E-005
2.4689999999999999E-005
2.3969999999999999E-005
2.3280000000000001E-005
2.2620000000000000E-005
2.1970000000000001E-005
2.1330000000000001E-005
2.0720000000000002E-005
2.0120000000000000E-005
1.9530000000000001E-005
1.8970000000000000E-005
1.8410000000000002E-005
1.7880000000000002E-005
1.7360000000000000E-005
1.6860000000000001E-005
1.6379999999999999E-005
1.5900000000000000E-005
1.5440000000000001E-005
1.4990000000000000E-005
1.4550000000000000E-005
1.4130000000000000E-005
1.3720000000000001E-005
1.3329999999999999E-005
1.2940000000000000E-005
1.2570000000000000E-005
1.2200000000000000E-005
1.1850000000000000E-005
1.1500000000000000E-005
1.1170000000000000E-005
1.0849999999999999E-005
1.0540000000000001E-005
1.0230000000000000E-005
9.9350000000000006E-006
9.6450000000000000E-006
9.3630000000000000E-006
9.0960000000000007E-006
8.8359999999999998E-006
8.5820000000000002E-006
8.3340000000000002E-006
8.0940000000000008E-006
7.8580000000000000E-006
7.6310000000000003E-006
7.4089999999999997E-006
7.1930000000000004E-006
6.9829999999999999E-006
6.7800000000000003E-006
6.5830000000000003E-006
6.3960000000000003E-006
6.2120000000000000E-006
6.0329999999999997E-006
5.8590000000000001E-006
5.6890000000000001E-006
5.5240000000000000E-006
5.3639999999999998E-006
5.2089999999999996E-006
5.0620000000000000E-006
4.9189999999999998E-006
4.7779999999999998E-006
4.6419999999999998E-006
4.5090000000000004E-006
4.3800000000000004E-006
4.2529999999999998E-006
4.1300000000000003E-006
4.0110000000000002E-006
3.8940000000000003E-006
3.7799999999999998E-006
3.6700000000000000E-006
3.5619999999999999E-006
3.4620000000000001E-006
3.3650000000000000E-006
3.2710000000000001E-006
3.1779999999999999E-006
3.0879999999999999E-006
3.0000000000000001E-006
2.9140000000000000E-006
2.8310000000000001E-006
2.7489999999999999E-006
2.6699999999999998E-006
2.5930000000000000E-006
2.5179999999999999E-006
2.4439999999999998E-006
2.3730000000000000E-006
2.3039999999999999E-006
2.2400000000000002E-006
2.1780000000000002E-006
2.1169999999999998E-006
2.0580000000000000E-006
1.9999999999999999E-006
1.9429999999999999E-006
1.8880000000000000E-006
1.8339999999999999E-006
1.7820000000000000E-006
1.7310000000000000E-006
1.6810000000000001E-006
1.6330000000000001E-006
1.5859999999999999E-006
1.5400000000000001E-006
1.4950000000000001E-006
1.4529999999999999E-006
1.4130000000000001E-006
1.3740000000000001E-006
1.3360000000000000E-006
1.2990000000000000E-006
1.2630000000000000E-006
1.2270000000000001E-006
1.1930000000000001E-006
1.1590000000000000E-006
1.1260000000000001E-006
1.0940000000000000E-006
1.0630000000000000E-006
1.0330000000000001E-006
1.0030000000000000E-006
9.7429999999999993E-007
9.4610000000000003E-007
9.1989999999999997E-007
8.9490000000000000E-007
8.7049999999999997E-007
8.4659999999999997E-007
8.2330000000000002E-007
8.0060000000000001E-007
7.7840000000000004E-007
7.5669999999999999E-007
7.3549999999999999E-007
7.1500000000000004E-007
6.9490000000000001E-007
6.7530000000000002E-007
6.5619999999999996E-007
6.3770000000000005E-007
6.1949999999999996E-007
6.0200000000000002E-007
5.8459999999999998E-007
5.6889999999999997E-007
5.5359999999999998E-007
5.3860000000000002E-007
5.2409999999999999E-007
5.0979999999999997E-007
4.9589999999999999E-007
4.8230000000000002E-007
4.6899999999999998E-007
4.5610000000000001E-007
4.4340000000000001E-007
4.3109999999999999E-007
4.1909999999999999E-007
4.0750000000000002E-007
3.9600000000000000E-007
3.8500000000000002E-007
3.7420000000000000E-007
3.6360000000000000E-007
3.5370000000000000E-007
3.4429999999999998E-007
3.3509999999999998E-007
3.2609999999999999E-007
3.1730000000000002E-007
3.0870000000000000E-007
3.0030000000000001E-007
2.9219999999999998E-007
2.8420000000000002E-007
2.7640000000000001E-007
2.6889999999999998E-007
2.6150000000000001E-007
2.5429999999999999E-007
2.4740000000000001E-007
2.4060000000000002E-007
2.3390000000000000E-007
2.2760000000000000E-007
2.2160000000000000E-007
2.1570000000000001E-007
2.0989999999999999E-007
2.0430000000000000E-007
1.9880000000000001E-007
1.9350000000000001E-007
1.8830000000000001E-007
1.8320000000000000E-007
1.7830000000000000E-007
1.7350000000000001E-007
1.6880000000000000E-007
1.6420000000000000E-007
1.5979999999999999E-007
1.5559999999999999E-007
1.5150000000000000E-007
1.4749999999999999E-007
1.4359999999999999E-007
1.3969999999999999E-007
1.3600000000000000E-007
1.3239999999999999E-007
1.2890000000000000E-007
1.2550000000000001E-007
1.2209999999999999E-007
1.1890000000000000E-007
1.1580000000000000E-007
1.1280000000000000E-007
1.0980000000000000E-007
1.0690000000000000E-007
1.0410000000000000E-007
1.0139999999999999E-007
9.8690000000000006E-008
9.6120000000000003E-008
9.3620000000000001E-008
9.1170000000000002E-008
8.8800000000000001E-008
8.6480000000000004E-008
8.4219999999999996E-008
8.2020000000000003E-008
7.9889999999999996E-008
7.7820000000000005E-008
7.5810000000000002E-008
7.3850000000000003E-008
7.1929999999999996E-008
7.0059999999999993E-008
6.8250000000000006E-008
6.6510000000000005E-008
6.4809999999999996E-008
6.3139999999999995E-008
6.1519999999999998E-008
5.9940000000000006E-008
5.8390000000000002E-008
5.6890000000000002E-008
5.5420000000000003E-008
5.4020000000000003E-008
5.2649999999999998E-008
5.1310000000000001E-008
5.0010000000000002E-008
4.8739999999999998E-008
4.7500000000000002E-008
4.6290000000000000E-008
4.5109999999999998E-008
4.3950000000000000E-008
4.2830000000000000E-008
4.1759999999999998E-008
4.0719999999999997E-008
3.9699999999999998E-008
3.8700000000000002E-008
3.7730000000000001E-008
3.6780000000000002E-008
3.5850000000000000E-008
3.4949999999999999E-008
3.4060000000000002E-008
3.3200000000000000E-008
3.2380000000000003E-008
3.1580000000000002E-008
3.0799999999999998E-008
3.0029999999999998E-008
2.9280000000000001E-008
2.8559999999999999E-008
2.7850000000000001E-008
2.7150000000000002E-008
2.6480000000000000E-008
2.5819999999999999E-008
2.5180000000000001E-008
2.4570000000000001E-008
2.3960000000000001E-008
2.3370000000000000E-008
2.2799999999999999E-008
2.2239999999999999E-008
2.1690000000000001E-008
2.1159999999999999E-008
2.0650000000000000E-008
2.0140000000000000E-008
1.9650000000000001E-008
1.9180000000000000E-008
1.8710000000000000E-008
1.8250000000000001E-008
1.7809999999999999E-008
1.7369999999999999E-008
1.6960000000000001E-008
1.6549999999999999E-008
1.6149999999999999E-008
1.5760000000000000E-008
1.5379999999999999E-008
1.5010000000000000E-008
1.4650000000000000E-008
1.4300000000000001E-008
1.3949999999999999E-008
1.3620000000000001E-008
1.3290000000000000E-008
1.2970000000000000E-008
1.2670000000000000E-008
1.2369999999999999E-008
1.2070000000000000E-008
1.1790000000000000E-008
1.1500000000000000E-008
1.1230000000000000E-008
1.0960000000000000E-008
1.0700000000000000E-008
1.0449999999999999E-008
1.0210000000000000E-008
9.9689999999999998E-009
9.7360000000000003E-009
9.5070000000000004E-009
9.2829999999999995E-009
9.0650000000000004E-009
8.8499999999999998E-009
8.6369999999999998E-009
8.4369999999999997E-009
8.2450000000000004E-009
8.0570000000000006E-009
7.8719999999999993E-009
7.6920000000000003E-009
7.5159999999999993E-009
7.3430000000000000E-009
7.1729999999999999E-009
7.0070000000000003E-009
6.8450000000000002E-009
6.6860000000000003E-009
6.5309999999999999E-009
6.3790000000000004E-009
6.2309999999999997E-009
6.0850000000000004E-009
5.9440000000000002E-009
5.8049999999999997E-009
5.6670000000000004E-009
5.5359999999999999E-009
5.4119999999999999E-009
5.2899999999999997E-009
5.1719999999999999E-009
5.0549999999999996E-009
4.9410000000000002E-009
4.8289999999999998E-009
4.7200000000000002E-009
4.6129999999999997E-009
4.5079999999999997E-009
4.4059999999999999E-009
4.3059999999999998E-009
4.2080000000000004E-009
4.1119999999999999E-009
4.0190000000000003E-009
3.9270000000000002E-009
3.8380000000000002E-009
3.7510000000000000E-009
3.6660000000000000E-009
3.5840000000000000E-009
3.5039999999999999E-009
3.4260000000000000E-009
3.3499999999999998E-009
3.2750000000000000E-009
3.2019999999999999E-009
3.1310000000000000E-009
3.0600000000000002E-009
2.9920000000000000E-009
2.9260000000000000E-009
2.8609999999999999E-009
2.7980000000000001E-009
2.7360000000000001E-009
2.6759999999999999E-009
2.6170000000000000E-009
2.5590000000000000E-009
2.5019999999999998E-009
2.4460000000000000E-009
2.3929999999999999E-009
2.3410000000000001E-009
2.2900000000000002E-009
2.2389999999999998E-009
2.1900000000000001E-009
2.1430000000000001E-009
2.0960000000000002E-009
2.0500000000000002E-009
2.0040000000000001E-009
1.9610000000000002E-009
1.9180000000000002E-009
1.8770000000000000E-009
1.8360000000000001E-009
1.7960000000000000E-009
1.7570000000000000E-009
1.7190000000000000E-009
1.6820000000000000E-009
1.6450000000000000E-009
1.6089999999999999E-009
1.5750000000000000E-009
1.5410000000000000E-009
1.5080000000000000E-009
1.4760000000000001E-009
1.4440000000000000E-009
1.4130000000000000E-009
1.3820000000000000E-009
1.3530000000000000E-009
1.3230000000000001E-009
1.2950000000000000E-009
1.2680000000000000E-009
1.2410000000000000E-009
1.2139999999999999E-009
1.1880000000000000E-009
1.1630000000000000E-009
1.1380000000000000E-009
1.1140000000000001E-009
1.0900000000000000E-009
1.0669999999999999E-009
1.0430000000000000E-009
1.0220000000000000E-009
1.0000000000000001E-009
9.7949999999999998E-010
9.5909999999999992E-010
9.3899999999999996E-010
9.1919999999999999E-010
8.9989999999999996E-010
8.8090000000000003E-010
8.6240000000000004E-010
8.4410000000000001E-010
8.2630000000000003E-010
8.0880000000000004E-010
7.9169999999999996E-010
7.7489999999999998E-010
7.5850000000000002E-010
7.4249999999999997E-010
7.2669999999999998E-010
7.1109999999999995E-010
6.9629999999999996E-010
6.8189999999999999E-010
6.6780000000000001E-010
6.5389999999999999E-010
6.4020000000000002E-010
6.2689999999999998E-010
6.1379999999999999E-010
6.0099999999999999E-010
5.8849999999999998E-010
5.7620000000000004E-010
5.6419999999999997E-010
5.5230000000000005E-010
5.4089999999999996E-010
5.2970000000000004E-010
5.1869999999999998E-010
5.0800000000000000E-010
4.9749999999999999E-010
4.8710000000000000E-010
4.7700000000000001E-010
4.6709999999999997E-010
4.5750000000000002E-010
4.4809999999999998E-010
4.3880000000000003E-010
4.2980000000000000E-010
4.2099999999999999E-010
4.1230000000000001E-010
4.0370000000000001E-010
3.9540000000000000E-010
3.8730000000000000E-010
3.7940000000000000E-010
3.7159999999999999E-010
3.6399999999999998E-010
3.5659999999999999E-010
3.4919999999999999E-010
3.4180000000000000E-010
3.3490000000000000E-010
3.2809999999999998E-010
3.2149999999999998E-010
3.1500000000000000E-010
3.0869999999999998E-010
3.0240000000000001E-010
2.9630000000000000E-010
2.9019999999999999E-010
2.8429999999999999E-010
2.7850000000000002E-010
2.7279999999999998E-010
2.6720000000000002E-010