4.7410000000000000E-006
1.3879999999999999E-005
2.3020000000000000E-005
3.5450000000000001E-005
5.2849999999999997E-005
7.3679999999999999E-005
9.7940000000000001E-005
1.2559999999999999E-004
1.5660000000000001E-004
1.9100000000000001E-004
2.2860000000000000E-004
2.6959999999999999E-004
3.1369999999999998E-004
3.6110000000000000E-004
4.1149999999999997E-004
4.6509999999999998E-004
5.2170000000000005E-004
5.8129999999999998E-004
6.4369999999999998E-004
7.0910000000000005E-004
7.7720000000000003E-004
8.4800000000000001E-004
9.2150000000000001E-004
9.9749999999999991E-004
1.0759999999999999E-003
1.1570000000000000E-003
1.2400000000000000E-003
1.3259999999999999E-003
1.4139999999999999E-003
1.5039999999999999E-003
1.5950000000000001E-003
1.6890000000000000E-003
1.7849999999999999E-003
1.8820000000000000E-003
1.9810000000000001E-003
2.0810000000000000E-003
2.1830000000000000E-003
2.2870000000000000E-003
2.3909999999999999E-003
2.4970000000000001E-003
2.6029999999999998E-003
2.7109999999999999E-003
2.8189999999999999E-003
2.9290000000000002E-003
3.0379999999999999E-003
3.1489999999999999E-003
3.2590000000000002E-003
3.3709999999999999E-003
3.4819999999999999E-003
3.5929999999999998E-003
3.7050000000000000E-003
3.8159999999999999E-003
3.9269999999999999E-003
4.0379999999999999E-003
4.1489999999999999E-003
4.2589999999999998E-003
4.3680000000000004E-003
4.4770000000000001E-003
4.5849999999999997E-003
4.6920000000000000E-003
4.7980000000000002E-003
4.9030000000000002E-003
5.0070000000000002E-003
5.1100000000000000E-003
5.2119999999999996E-003
5.3119999999999999E-003
5.4099999999999999E-003
5.5069999999999997E-003
5.6030000000000003E-003
5.6969999999999998E-003
5.7889999999999999E-003
5.8789999999999997E-003
5.9670000000000001E-003
6.0540000000000004E-003
6.1380000000000002E-003
6.2199999999999998E-003
6.3000000000000000E-003
6.3780000000000000E-003
6.4530000000000004E-003
6.5269999999999998E-003
6.5979999999999997E-003
6.6660000000000001E-003
6.7320000000000001E-003
6.7960000000000000E-003
6.8570000000000002E-003
6.9150000000000001E-003
6.9719999999999999E-003
7.0250000000000000E-003
7.0759999999999998E-003
7.1240000000000001E-003
7.1700000000000002E-003
7.2119999999999997E-003
7.2519999999999998E-003
7.2899999999999996E-003
7.3249999999999999E-003
7.3559999999999997E-003
7.3860000000000002E-003
7.4120000000000002E-003
7.4370000000000000E-003
7.4580000000000002E-003
7.4760000000000000E-003
7.4920000000000004E-003
7.5050000000000004E-003
7.5150000000000000E-003
7.5240000000000003E-003
7.5290000000000001E-003
7.5310000000000004E-003
7.5319999999999996E-003
7.5290000000000001E-003
7.5240000000000003E-003
7.5170000000000002E-003
7.5059999999999997E-003
7.4939999999999998E-003
7.4790000000000004E-003
7.4619999999999999E-003
7.4419999999999998E-003
7.4209999999999996E-003
7.3969999999999999E-003
7.3709999999999999E-003
7.3429999999999997E-003
7.3119999999999999E-003
7.2800000000000000E-003
7.2449999999999997E-003
7.2090000000000001E-003
7.1710000000000003E-003
7.1300000000000001E-003
7.0879999999999997E-003
7.0450000000000000E-003
6.9990000000000000E-003
6.9519999999999998E-003
6.9030000000000003E-003
6.8529999999999997E-003
6.8009999999999998E-003
6.7479999999999997E-003
6.6930000000000002E-003
6.6369999999999997E-003
6.5799999999999999E-003
6.5209999999999999E-003
6.4609999999999997E-003
6.4009999999999996E-003
6.3390000000000000E-003
6.2760000000000003E-003
6.2119999999999996E-003
6.1479999999999998E-003
6.0819999999999997E-003
6.0159999999999996E-003
5.9490000000000003E-003
5.8809999999999999E-003
5.8120000000000003E-003
5.7429999999999998E-003
5.6740000000000002E-003
5.6039999999999996E-003
5.5329999999999997E-003
5.4619999999999998E-003
5.3910000000000000E-003
5.3189999999999999E-003
5.2480000000000001E-003
5.1760000000000000E-003
5.1029999999999999E-003
5.0309999999999999E-003
4.9589999999999999E-003
4.8859999999999997E-003
4.8139999999999997E-003
4.7410000000000004E-003
4.6690000000000004E-003
4.5960000000000003E-003
4.5240000000000002E-003
4.4520000000000002E-003
4.3810000000000003E-003
4.3090000000000003E-003
4.2379999999999996E-003
4.1669999999999997E-003
4.0969999999999999E-003
4.0260000000000001E-003
3.9569999999999996E-003
3.8869999999999998E-003
3.8180000000000002E-003
3.7499999999999999E-003
3.6819999999999999E-003
3.6140000000000000E-003
3.5469999999999998E-003
3.4810000000000002E-003
3.4150000000000001E-003
3.3500000000000001E-003
3.2859999999999999E-003
3.2220000000000000E-003
3.1580000000000002E-003
3.0959999999999998E-003
3.0339999999999998E-003
2.9729999999999999E-003
2.9120000000000001E-003
2.8519999999999999E-003
2.7929999999999999E-003
2.7350000000000000E-003
2.6770000000000001E-003
2.6199999999999999E-003
2.5639999999999999E-003
2.5089999999999999E-003
2.4540000000000000E-003
2.3999999999999998E-003
2.3470000000000001E-003
2.2950000000000002E-003
2.2430000000000002E-003
2.1919999999999999E-003
2.1429999999999999E-003
2.0929999999999998E-003
2.0449999999999999E-003
1.9970000000000001E-003
1.9510000000000000E-003
1.9050000000000000E-003
1.8590000000000000E-003
1.8150000000000000E-003
1.7710000000000000E-003
1.7279999999999999E-003
1.6860000000000000E-003
1.6450000000000000E-003
1.6040000000000000E-003
1.5640000000000001E-003
1.5250000000000001E-003
1.4870000000000000E-003
1.4490000000000000E-003
1.4130000000000000E-003
1.3760000000000001E-003
1.3410000000000000E-003
1.3060000000000001E-003
1.2719999999999999E-003
1.2390000000000001E-003
1.2070000000000000E-003
1.1750000000000000E-003
1.1429999999999999E-003
1.1130000000000001E-003
1.0830000000000000E-003
1.0540000000000000E-003
1.0250000000000001E-003
9.9719999999999995E-004
9.6989999999999999E-004
9.4320000000000005E-004
9.1710000000000001E-004
8.9159999999999999E-004
8.6669999999999998E-004
8.4239999999999998E-004
8.1859999999999995E-004
7.9540000000000003E-004
7.7280000000000003E-004
7.5069999999999998E-004
7.2920000000000005E-004
7.0810000000000003E-004
6.8760000000000002E-004
6.6759999999999996E-004
6.4809999999999998E-004
6.2909999999999995E-004
6.1059999999999999E-004
5.9250000000000004E-004
5.7490000000000004E-004
5.5780000000000001E-004
5.4109999999999998E-004
5.2479999999999996E-004
5.0900000000000001E-004
4.9359999999999996E-004
4.7859999999999998E-004
4.6400000000000000E-004
4.4969999999999998E-004
4.3590000000000002E-004
4.2250000000000002E-004
4.0939999999999998E-004
3.9659999999999999E-004
3.8430000000000002E-004
3.7219999999999999E-004
3.6049999999999998E-004
3.4919999999999998E-004
3.3809999999999998E-004
3.2739999999999999E-004
3.1700000000000001E-004
3.0679999999999998E-004
2.9700000000000001E-004
2.8739999999999999E-004
2.7819999999999999E-004
2.6919999999999998E-004
2.6039999999999999E-004
2.5190000000000000E-004
2.4369999999999999E-004
2.3570000000000001E-004
2.2790000000000001E-004
2.2039999999999999E-004
2.1310000000000000E-004
2.0610000000000000E-004
1.9919999999999999E-004
1.9259999999999999E-004
1.8610000000000000E-004
1.7990000000000001E-004
1.7380000000000000E-004
1.6789999999999999E-004
1.6220000000000001E-004
1.5669999999999999E-004
1.5139999999999999E-004
1.4620000000000000E-004
1.4119999999999999E-004
1.3640000000000001E-004
1.3170000000000000E-004
1.2710000000000000E-004
1.2270000000000000E-004
1.1849999999999999E-004
1.1440000000000000E-004
1.1040000000000000E-004
1.0650000000000000E-004
1.0280000000000001E-004
9.9160000000000006E-005
9.5669999999999997E-005
9.2289999999999999E-005
8.9019999999999998E-005
8.5859999999999994E-005
8.2810000000000002E-005
7.9859999999999998E-005
7.7000000000000001E-005
7.4250000000000002E-005
7.1580000000000002E-005
6.8999999999999997E-005
6.6519999999999993E-005
6.4109999999999994E-005
6.1790000000000003E-005
5.9549999999999997E-005
5.7380000000000003E-005
5.5290000000000001E-005
5.3270000000000003E-005
5.1320000000000003E-005
4.9440000000000001E-005
4.7620000000000001E-005
4.5859999999999998E-005
4.4169999999999999E-005
4.2540000000000003E-005
4.0960000000000001E-005
3.9440000000000002E-005
3.7969999999999997E-005
3.6550000000000001E-005
3.5190000000000000E-005
3.3869999999999999E-005
3.2600000000000000E-005
3.1370000000000000E-005
3.0190000000000001E-005
2.9050000000000001E-005
2.7949999999999998E-005
2.6900000000000000E-005
2.5880000000000000E-005
2.4890000000000001E-005
2.3940000000000001E-005
2.3030000000000001E-005
2.2150000000000000E-005
2.1299999999999999E-005
2.0489999999999999E-005
1.9700000000000001E-005
1.8940000000000002E-005
1.8210000000000000E-005
1.7510000000000000E-005
1.6830000000000000E-005
1.6180000000000001E-005
1.5549999999999999E-005
1.4949999999999999E-005
1.4360000000000000E-005
1.3810000000000000E-005
1.3270000000000000E-005
1.2750000000000000E-005
1.2250000000000000E-005
1.1770000000000001E-005
1.1310000000000000E-005
1.0859999999999999E-005
1.0430000000000000E-005
1.0020000000000001E-005
9.6250000000000002E-006
9.2439999999999999E-006
8.8780000000000004E-006
8.5259999999999993E-006
8.1880000000000002E-006
7.8620000000000003E-006
7.5490000000000001E-006
7.2479999999999999E-006
6.9580000000000001E-006
6.6800000000000004E-006
6.4130000000000003E-006
6.1550000000000004E-006
5.9080000000000000E-006
5.6710000000000004E-006
5.4430000000000002E-006
5.2240000000000003E-006
5.0130000000000001E-006
4.8099999999999997E-006
4.6160000000000004E-006
4.4290000000000003E-006
4.2490000000000003E-006
4.0770000000000001E-006
3.9120000000000000E-006
3.7529999999999999E-006
3.5999999999999998E-006
3.4529999999999998E-006
3.3119999999999998E-006
3.1769999999999998E-006
3.0469999999999998E-006
2.9229999999999998E-006
2.8030000000000001E-006
2.6879999999999999E-006
2.5780000000000001E-006
2.4719999999999998E-006
2.3700000000000002E-006
2.2730000000000001E-006
2.1789999999999998E-006
2.0889999999999998E-006
2.0030000000000001E-006
1.9199999999999998E-006
1.8410000000000000E-006
1.7640000000000000E-006
1.6910000000000000E-006
1.6210000000000000E-006
1.5540000000000001E-006
1.4890000000000001E-006
1.4270000000000001E-006
1.3680000000000001E-006
1.3110000000000000E-006
1.2559999999999999E-006
1.2040000000000000E-006
1.1530000000000000E-006
1.1050000000000000E-006
1.0589999999999999E-006
1.0150000000000000E-006
9.7199999999999997E-007
9.3129999999999998E-007
8.9220000000000001E-007
8.5470000000000005E-007
8.1869999999999999E-007
7.8429999999999995E-007
7.5120000000000000E-007
7.1959999999999996E-007
6.8920000000000000E-007
6.6010000000000004E-007
6.3219999999999996E-007
6.0549999999999996E-007
5.7990000000000005E-007
5.5530000000000000E-007
5.3180000000000004E-007
5.0920000000000003E-007
4.8760000000000000E-007
4.6689999999999998E-007
4.4710000000000003E-007
4.2800000000000002E-007
4.0979999999999998E-007
3.9239999999999999E-007
3.7560000000000000E-007
3.5960000000000002E-007
3.4420000000000002E-007
3.2949999999999998E-007
3.1539999999999998E-007
3.0190000000000002E-007
2.8900000000000001E-007
2.7659999999999998E-007
2.6469999999999998E-007
2.5339999999999998E-007
2.4250000000000001E-007
2.3209999999999999E-007
2.2210000000000001E-007
2.1250000000000000E-007
2.0340000000000001E-007
1.9460000000000001E-007
1.8629999999999999E-007
1.7819999999999999E-007
1.7050000000000000E-007
1.6320000000000001E-007
1.5610000000000000E-007
1.4940000000000000E-007
1.4289999999999999E-007
1.3670000000000000E-007
1.3080000000000001E-007
1.2510000000000000E-007
1.1969999999999999E-007
1.1450000000000000E-007
1.0949999999999999E-007
1.0480000000000000E-007
1.0020000000000000E-007
9.5859999999999999E-008
9.1679999999999998E-008
8.7690000000000000E-008
8.3869999999999996E-008
8.0210000000000002E-008
7.6720000000000001E-008
7.3379999999999999E-008
7.0169999999999999E-008
6.7099999999999999E-008
6.4179999999999996E-008
6.1360000000000002E-008
5.8680000000000000E-008
5.6109999999999998E-008
5.3659999999999999E-008
5.1300000000000003E-008
4.9059999999999997E-008
4.6910000000000001E-008
4.4840000000000003E-008
4.2869999999999999E-008
4.1000000000000003E-008
3.9190000000000002E-008
3.7459999999999999E-008
3.5819999999999999E-008
3.4249999999999999E-008
3.2740000000000001E-008
3.1300000000000002E-008
2.9919999999999999E-008
2.8600000000000001E-008
2.7330000000000001E-008
2.6130000000000000E-008
2.4979999999999999E-008
2.3870000000000001E-008
2.2819999999999999E-008
2.1810000000000001E-008
2.0840000000000000E-008
1.9930000000000000E-008
1.9040000000000000E-008
1.8200000000000001E-008
1.7400000000000000E-008
1.6630000000000001E-008
1.5889999999999999E-008
1.5180000000000001E-008
1.4510000000000001E-008
1.3869999999999999E-008
1.3250000000000000E-008
1.2660000000000001E-008
1.2100000000000001E-008
1.1570000000000000E-008
1.1050000000000000E-008
1.0560000000000000E-008
1.0090000000000000E-008
9.6419999999999996E-009
9.2120000000000000E-009
8.8020000000000000E-009
8.4119999999999995E-009
8.0369999999999994E-009
7.6769999999999999E-009
7.3360000000000003E-009
7.0100000000000004E-009
6.6970000000000003E-009
6.3979999999999996E-009
6.1140000000000002E-009
5.8410000000000000E-009
5.5800000000000002E-009
5.3320000000000002E-009
5.0970000000000001E-009
4.8699999999999999E-009
4.6520000000000001E-009
4.4429999999999996E-009
4.2420000000000000E-009
4.0530000000000000E-009
3.8739999999999997E-009
3.7009999999999999E-009
3.5360000000000002E-009
3.3759999999999999E-009
3.2240000000000000E-009
3.0800000000000001E-009
2.9429999999999999E-009
2.8109999999999999E-009
2.6850000000000001E-009
2.5639999999999998E-009
2.4490000000000001E-009
2.3400000000000002E-009
2.2349999999999998E-009
2.1350000000000002E-009
2.0390000000000001E-009
1.9479999999999999E-009
1.8610000000000001E-009
1.7770000000000000E-009
1.6970000000000000E-009
1.6210000000000001E-009
1.5489999999999999E-009
1.4800000000000001E-009
1.4130000000000000E-009
1.3490000000000000E-009
1.2890000000000000E-009
1.2320000000000001E-009
1.1760000000000001E-009
1.1229999999999999E-009
1.0729999999999999E-009
1.0250000000000001E-009
9.7910000000000006E-010
9.3499999999999998E-010
8.9360000000000000E-010
8.5379999999999999E-010
8.1550000000000003E-010
7.7889999999999997E-010
7.4360000000000000E-010
7.1000000000000003E-010
6.7839999999999995E-010
6.4820000000000000E-010
6.1919999999999999E-010
5.9130000000000002E-010
5.6459999999999999E-010
5.3910000000000003E-010
5.1499999999999998E-010
4.9190000000000003E-010
4.6990000000000000E-010
4.4870000000000001E-010
4.2860000000000000E-010
4.0949999999999998E-010
3.9110000000000002E-010
3.7350000000000000E-010
3.5670000000000002E-010
3.4080000000000000E-010
3.2550000000000001E-010
3.1080000000000000E-010
2.9680000000000000E-010
2.8359999999999998E-010
2.7079999999999999E-010
2.5860000000000002E-010
2.4690000000000000E-010
2.3589999999999998E-010
2.2529999999999999E-010
2.1510000000000001E-010
2.0540000000000001E-010
1.9610000000000000E-010
1.8729999999999999E-010
1.7890000000000000E-010
1.7069999999999999E-010
1.6310000000000001E-010
1.5590000000000000E-010
1.4890000000000000E-010
1.4220000000000001E-010
1.3570000000000001E-010
1.2949999999999999E-010
1.2349999999999999E-010
1.1780000000000000E-010
1.1230000000000000E-010
1.0720000000000000E-010
1.0240000000000000E-010
9.7759999999999994E-011
9.3270000000000005E-011
8.8950000000000000E-011
8.4799999999999994E-011
8.0810000000000003E-011
7.6980000000000002E-011
7.3319999999999999E-011
6.9970000000000005E-011
6.6759999999999997E-011
6.3660000000000003E-011
6.0669999999999996E-011
5.7790000000000002E-011
5.5020000000000001E-011
5.2360000000000001E-011
4.9810000000000000E-011
4.7380000000000002E-011
4.5139999999999999E-011
4.3010000000000002E-011
4.0949999999999998E-011
3.8970000000000002E-011
3.7059999999999999E-011
3.5229999999999998E-011
3.3470000000000002E-011
3.1779999999999999E-011
3.0169999999999998E-011
2.8670000000000000E-011
2.7279999999999998E-011
2.5930000000000001E-011
2.4630000000000000E-011
2.3380000000000001E-011
2.2190000000000000E-011
2.1039999999999999E-011
1.9929999999999999E-011
1.8880000000000000E-011
1.7880000000000001E-011
1.6970000000000001E-011
1.6110000000000000E-011
1.5280000000000001E-011
1.4470000000000000E-011
1.3710000000000000E-011
1.2970000000000000E-011
1.2260000000000000E-011
1.1590000000000000E-011
1.0950000000000000E-011
1.0340000000000000E-011
9.7990000000000006E-012
9.2779999999999998E-012
8.7780000000000000E-012
8.2969999999999999E-012
7.8360000000000001E-012
7.3959999999999996E-012
6.9740000000000000E-012
6.5730000000000004E-012
6.1900000000000001E-012
5.8309999999999997E-012
5.5149999999999998E-012
5.2120000000000000E-012
4.9209999999999997E-012
4.6419999999999998E-012
4.3750000000000002E-012
4.1189999999999997E-012
3.8750000000000004E-012
3.6429999999999997E-012
3.4229999999999999E-012
3.2139999999999998E-012
3.0309999999999999E-012
2.8599999999999999E-012
2.6969999999999999E-012
2.5400000000000001E-012
2.3900000000000001E-012
2.2470000000000000E-012
2.1100000000000001E-012
1.9800000000000000E-012
1.8560000000000002E-012
1.7390000000000000E-012
1.6299999999999999E-012
1.5370000000000000E-012
1.4490000000000000E-012
1.3629999999999999E-012
1.2820000000000000E-012
1.2039999999999999E-012
1.1300000000000000E-012
1.0590000000000000E-012
9.9180000000000008E-013
9.2800000000000008E-013
8.6759999999999996E-013
8.1120000000000002E-013
7.6459999999999999E-013
7.1989999999999999E-013
6.7700000000000004E-013
6.3600000000000002E-013
5.9680000000000004E-013
5.5940000000000002E-013
5.2369999999999998E-013
4.8979999999999999E-013
4.5769999999999996E-013
4.2730000000000001E-013
3.9859999999999999E-013
3.7450000000000002E-013
3.5259999999999998E-013
3.3150000000000000E-013
3.1140000000000002E-013
2.9209999999999999E-013
2.7369999999999998E-013
2.5620000000000001E-013
2.3949999999999999E-013
2.2370000000000000E-013
2.0870000000000001E-013
1.9450000000000000E-013
1.8120000000000000E-013
1.7060000000000000E-013
1.6050000000000000E-013
1.5089999999999999E-013
1.4160000000000000E-013
1.3270000000000001E-013
1.2430000000000001E-013
1.1629999999999999E-013
1.0860000000000000E-013
1.0140000000000000E-013
9.4519999999999998E-014
8.8039999999999996E-014
8.1940000000000002E-014
7.6989999999999996E-014
7.2389999999999995E-014
6.7980000000000004E-014
6.3770000000000002E-014
5.9749999999999998E-014
5.5920000000000003E-014
5.2279999999999999E-014
4.8820000000000000E-014
4.5549999999999999E-014
4.2460000000000003E-014
3.9540000000000001E-014
3.6890000000000001E-014
3.4669999999999999E-014
3.2560000000000002E-014
3.0540000000000002E-014
2.8609999999999997E-014
2.6769999999999999E-014
2.5029999999999998E-014
2.3380000000000000E-014
2.1810000000000001E-014
2.0340000000000002E-014
1.8950000000000001E-014
1.7730000000000001E-014
1.6639999999999999E-014
1.5609999999999999E-014
1.4619999999999999E-014
1.3680000000000000E-014
1.2790000000000000E-014
1.1950000000000001E-014
1.1150000000000000E-014
1.0400000000000000E-014
9.7100000000000004E-015
9.1080000000000005E-015
8.5359999999999999E-015
7.9920000000000005E-015
7.4770000000000006E-015
6.9889999999999998E-015
6.5290000000000002E-015
6.0959999999999997E-015
5.6949999999999997E-015
5.3400000000000000E-015
5.0019999999999996E-015
4.6810000000000001E-015
4.3769999999999999E-015
4.0909999999999996E-015
3.8210000000000004E-015
3.5749999999999999E-015
3.3540000000000001E-015
3.1430000000000000E-015
2.9429999999999999E-015
2.7520000000000001E-015
2.5710000000000002E-015
2.4010000000000002E-015
2.2400000000000001E-015
2.1070000000000001E-015
1.9790000000000000E-015
1.8579999999999998E-015
1.7410000000000001E-015
1.6310000000000001E-015
1.5249999999999999E-015
1.4260000000000001E-015
1.3309999999999999E-015
1.2420000000000001E-015
1.1580000000000001E-015
1.0800000000000000E-015
1.0100000000000000E-015
9.4879999999999996E-016
8.8989999999999993E-016
8.3370000000000002E-016
7.8010000000000000E-016
7.2920000000000000E-016
6.8100000000000002E-016
6.3529999999999999E-016
5.9439999999999996E-016
5.6039999999999999E-016
5.2769999999999998E-016
4.9619999999999996E-016
4.6619999999999996E-016
4.3729999999999998E-016
4.0980000000000002E-016
3.8339999999999998E-016
3.5830000000000002E-016
3.3450000000000001E-016
3.1180000000000001E-016
2.9030000000000000E-016
2.7000000000000000E-016
2.5080000000000000E-016
2.3659999999999999E-016
2.2320000000000001E-016
2.1030000000000001E-016
1.9790000000000000E-016
1.8590000000000000E-016
1.7450000000000000E-016
1.6360000000000001E-016
1.5320000000000000E-016
1.4319999999999999E-016
1.3370000000000001E-016
1.2470000000000001E-016
1.1610000000000000E-016
1.0800000000000000E-016
1.0040000000000000E-016
9.3360000000000002E-017
8.8600000000000000E-017
8.3960000000000000E-017
7.9470000000000000E-017
7.5090000000000003E-017
7.0849999999999995E-017
6.6720000000000002E-017
6.2719999999999999E-017
5.8849999999999997E-017
5.5099999999999998E-017
5.1460000000000002E-017
4.7950000000000001E-017
4.4549999999999998E-017
4.1259999999999998E-017
3.8090000000000000E-017
3.5029999999999999E-017
3.1829999999999998E-017
2.8689999999999998E-017
2.5700000000000000E-017
2.2869999999999999E-017
2.0200000000000000E-017
1.7669999999999999E-017
1.5300000000000000E-017
1.3070000000000001E-017
1.0980000000000000E-017
9.0459999999999995E-018
7.2490000000000005E-018
5.5909999999999998E-018
4.0710000000000001E-018
2.6879999999999999E-018
1.4400000000000000E-018
3.2360000000000001E-019
0.0000000000000000
0.0000000000000000
0.0000000000000000
0.0000000000000000
0.0000000000000000
0.0000000000000000
0.0000000000000000
0.0000000000000000
0.0000000000000000
0.0000000000000000
0.0000000000000000
0.0000000000000000
0.0000000000000000
0.0000000000000000
0.0000000000000000
0.0000000000000000
0.0000000000000000
0.0000000000000000
0.0000000000000000
0.0000000000000000
0.0000000000000000
0.0000000000000000
0.0000000000000000
0.0000000000000000
0.0000000000000000
0.0000000000000000
0.0000000000000000
0.0000000000000000
0.0000000000000000
0.0000000000000000
0.0000000000000000
0.0000000000000000
0.0000000000000000
0.0000000000000000
0.0000000000000000
0.0000000000000000
0.0000000000000000
0.0000000000000000
0.0000000000000000
0.0000000000000000
0.0000000000000000
0.0000000000000000
0.0000000000000000
0.0000000000000000
0.0000000000000000
0.0000000000000000
0.0000000000000000
0.0000000000000000
0.0000000000000000
0.0000000000000000
0.0000000000000000
0.0000000000000000
0.0000000000000000
0.0000000000000000
0.0000000000000000
0.0000000000000000
0.0000000000000000
0.0000000000000000
0.0000000000000000
0.0000000000000000
0.0000000000000000
0.0000000000000000
0.0000000000000000
0.0000000000000000
0.0000000000000000
0.0000000000000000
0.0000000000000000
0.0000000000000000
0.0000000000000000
0.0000000000000000
0.0000000000000000
0.0000000000000000
0.0000000000000000
0.0000000000000000
0.0000000000000000
0.0000000000000000
0.0000000000000000
0.0000000000000000
0.0000000000000000
0.0000000000000000
0.0000000000000000
0.0000000000000000
0.0000000000000000
0.0000000000000000
0.0000000000000000
0.0000000000000000
0.0000000000000000
0.0000000000000000
0.0000000000000000
0.0000000000000000
0.0000000000000000
0.0000000000000000
0.0000000000000000
0.0000000000000000
0.0000000000000000
0.0000000000000000
0.0000000000000000
0.0000000000000000
0.0000000000000000
0.0000000000000000
0.0000000000000000
0.0000000000000000
0.0000000000000000
0.0000000000000000
0.0000000000000000
0.0000000000000000
0.0000000000000000
0.0000000000000000
0.0000000000000000
0.0000000000000000
0.0000000000000000
0.0000000000000000
0.0000000000000000
0.0000000000000000
0.0000000000000000
0.0000000000000000
0.0000000000000000
0.0000000000000000
0.0000000000000000
0.0000000000000000
0.0000000000000000
0.0000000000000000
0.0000000000000000
0.0000000000000000
0.0000000000000000
0.0000000000000000
0.0000000000000000
0.0000000000000000
0.0000000000000000
0.0000000000000000
0.0000000000000000
0.0000000000000000
0.0000000000000000
0.0000000000000000
0.0000000000000000
0.0000000000000000
0.0000000000000000
0.0000000000000000
0.0000000000000000
0.0000000000000000
0.0000000000000000
0.0000000000000000
0.0000000000000000
0.0000000000000000
0.0000000000000000
0.0000000000000000
0.0000000000000000
0.0000000000000000
0.0000000000000000
0.0000000000000000
0.0000000000000000
0.0000000000000000
0.0000000000000000
0.0000000000000000
0.0000000000000000
0.0000000000000000
0.0000000000000000
0.0000000000000000
0.0000000000000000
0.0000000000000000
0.0000000000000000
0.0000000000000000
0.0000000000000000
0.0000000000000000
0.0000000000000000
0.0000000000000000
0.0000000000000000
0.0000000000000000
0.0000000000000000
0.0000000000000000
0.0000000000000000
0.0000000000000000
0.0000000000000000
0.0000000000000000
0.0000000000000000
0.0000000000000000
0.0000000000000000
0.0000000000000000
0.0000000000000000
0.0000000000000000
0.0000000000000000
0.0000000000000000
0.0000000000000000
0.0000000000000000
0.0000000000000000
0.0000000000000000
0.0000000000000000
0.0000000000000000
0.0000000000000000
0.0000000000000000
0.0000000000000000
0.0000000000000000
0.0000000000000000
0.0000000000000000
0.0000000000000000
0.0000000000000000
0.0000000000000000
0.0000000000000000
0.0000000000000000
0.0000000000000000
0.0000000000000000
0.0000000000000000
0.0000000000000000
0.0000000000000000
0.0000000000000000
0.0000000000000000
0.0000000000000000
0.0000000000000000
0.0000000000000000
0.0000000000000000
0.0000000000000000
0.0000000000000000
0.0000000000000000
0.0000000000000000
0.0000000000000000
0.0000000000000000
0.0000000000000000
0.0000000000000000
0.0000000000000000
0.0000000000000000
0.0000000000000000
0.0000000000000000
0.0000000000000000
0.0000000000000000
0.0000000000000000
0.0000000000000000
0.0000000000000000
0.0000000000000000
0.0000000000000000
0.0000000000000000
0.0000000000000000
0.0000000000000000
0.0000000000000000
0.0000000000000000
0.0000000000000000
0.0000000000000000
0.0000000000000000
0.0000000000000000
0.0000000000000000
0.0000000000000000
0.0000000000000000
0.0000000000000000
0.0000000000000000
0.0000000000000000
0.0000000000000000
0.0000000000000000
0.0000000000000000
0.0000000000000000
0.0000000000000000
0.0000000000000000
0.0000000000000000
0.0000000000000000
0.0000000000000000
0.0000000000000000
0.0000000000000000
0.0000000000000000
0.0000000000000000
0.0000000000000000
0.0000000000000000
0.0000000000000000
0.0000000000000000
0.0000000000000000
0.0000000000000000
0.0000000000000000
0.0000000000000000
0.0000000000000000
0.0000000000000000
0.0000000000000000
0.0000000000000000
0.0000000000000000
0.0000000000000000
0.0000000000000000
0.0000000000000000
0.0000000000000000
0.0000000000000000
0.0000000000000000
0.0000000000000000
0.0000000000000000
0.0000000000000000
0.0000000000000000
0.0000000000000000
0.0000000000000000
0.0000000000000000
0.0000000000000000
0.0000000000000000
0.0000000000000000
0.0000000000000000
0.0000000000000000
0.0000000000000000
0.0000000000000000
0.0000000000000000
0.0000000000000000
0.0000000000000000
0.0000000000000000
0.0000000000000000
0.0000000000000000
0.0000000000000000
0.0000000000000000
0.0000000000000000
0.0000000000000000
0.0000000000000000
0.0000000000000000
0.0000000000000000
0.0000000000000000
0.0000000000000000
0.0000000000000000
0.0000000000000000
0.0000000000000000
0.0000000000000000
0.0000000000000000
0.0000000000000000
0.0000000000000000
0.0000000000000000
0.0000000000000000
0.0000000000000000
0.0000000000000000
0.0000000000000000
0.0000000000000000
0.0000000000000000
0.0000000000000000
0.0000000000000000
0.0000000000000000
0.0000000000000000
0.0000000000000000
0.0000000000000000
0.0000000000000000
0.0000000000000000
0.0000000000000000
0.0000000000000000
0.0000000000000000
0.0000000000000000
0.0000000000000000
0.0000000000000000
0.0000000000000000
0.0000000000000000
0.0000000000000000
0.0000000000000000
0.0000000000000000