1.9099999999999999E-006
5.5929999999999996E-006
9.2779999999999999E-006
1.4300000000000000E-005
2.1319999999999999E-005
2.9730000000000002E-005
3.9539999999999998E-005
5.0739999999999999E-005
6.3310000000000002E-005
7.7260000000000002E-005
9.2570000000000003E-005
1.0920000000000000E-004
1.2730000000000000E-004
1.4660000000000001E-004
1.6730000000000000E-004
1.8929999999999999E-004
2.1259999999999999E-004
2.3719999999999999E-004
2.6300000000000000E-004
2.9010000000000000E-004
3.1849999999999999E-004
3.4810000000000000E-004
3.7889999999999999E-004
4.1090000000000001E-004
4.4410000000000001E-004
4.7849999999999998E-004
5.1400000000000003E-004
5.5060000000000005E-004
5.8830000000000004E-004
6.2710000000000001E-004
6.6690000000000000E-004
7.0779999999999997E-004
7.4969999999999995E-004
7.9259999999999997E-004
8.3650000000000000E-004
8.8130000000000001E-004
9.2699999999999998E-004
9.7360000000000003E-004
1.0210000000000000E-003
1.0690000000000001E-003
1.1190000000000000E-003
1.1680000000000000E-003
1.2190000000000000E-003
1.2710000000000000E-003
1.3230000000000000E-003
1.3749999999999999E-003
1.4289999999999999E-003
1.4829999999999999E-003
1.5370000000000000E-003
1.5930000000000000E-003
1.6479999999999999E-003
1.7049999999999999E-003
1.7610000000000000E-003
1.8180000000000000E-003
1.8760000000000001E-003
1.9340000000000000E-003
1.9919999999999998E-003
2.0500000000000002E-003
2.1090000000000002E-003
2.1679999999999998E-003
2.2279999999999999E-003
2.2870000000000000E-003
2.3470000000000001E-003
2.4069999999999999E-003
2.4659999999999999E-003
2.5260000000000000E-003
2.5860000000000002E-003
2.6459999999999999E-003
2.7060000000000001E-003
2.7659999999999998E-003
2.8260000000000000E-003
2.8850000000000000E-003
2.9450000000000001E-003
3.0040000000000002E-003
3.0630000000000002E-003
3.1220000000000002E-003
3.1800000000000001E-003
3.2390000000000001E-003
3.2970000000000000E-003
3.3540000000000002E-003
3.4110000000000000E-003
3.4680000000000002E-003
3.5249999999999999E-003
3.5799999999999998E-003
3.6359999999999999E-003
3.6909999999999998E-003
3.7450000000000001E-003
3.7989999999999999E-003
3.8520000000000000E-003
3.9050000000000001E-003
3.9560000000000003E-003
4.0080000000000003E-003
4.0580000000000000E-003
4.1079999999999997E-003
4.1570000000000001E-003
4.2050000000000004E-003
4.2529999999999998E-003
4.3000000000000000E-003
4.3460000000000000E-003
4.3909999999999999E-003
4.4359999999999998E-003
4.4790000000000003E-003
4.5220000000000000E-003
4.5630000000000002E-003
4.6049999999999997E-003
4.6439999999999997E-003
4.6829999999999997E-003
4.7219999999999996E-003
4.7580000000000001E-003
4.7949999999999998E-003
4.8300000000000001E-003
4.8640000000000003E-003
4.8970000000000003E-003
4.9290000000000002E-003
4.9600000000000000E-003
4.9899999999999996E-003
5.0200000000000002E-003
5.0480000000000004E-003
5.0740000000000004E-003
5.1000000000000004E-003
5.1250000000000002E-003
5.1489999999999999E-003
5.1710000000000002E-003
5.1929999999999997E-003
5.2139999999999999E-003
5.2329999999999998E-003
5.2519999999999997E-003
5.2700000000000004E-003
5.2859999999999999E-003
5.3010000000000002E-003
5.3150000000000003E-003
5.3280000000000003E-003
5.3410000000000003E-003
5.3520000000000000E-003
5.3610000000000003E-003
5.3699999999999998E-003
5.3780000000000000E-003
5.3850000000000000E-003
5.3910000000000000E-003
5.3949999999999996E-003
5.3990000000000002E-003
5.4019999999999997E-003
5.4039999999999999E-003
5.4039999999999999E-003
5.4039999999999999E-003
5.4029999999999998E-003
5.4000000000000003E-003
5.3969999999999999E-003
5.3930000000000002E-003
5.3880000000000004E-003
5.3819999999999996E-003
5.3749999999999996E-003
5.3670000000000002E-003
5.3579999999999999E-003
5.3480000000000003E-003
5.3379999999999999E-003
5.3260000000000000E-003
5.3140000000000001E-003
5.3010000000000002E-003
5.2870000000000000E-003
5.2719999999999998E-003
5.2570000000000004E-003
5.2399999999999999E-003
5.2230000000000002E-003
5.2059999999999997E-003
5.1869999999999998E-003
5.1679999999999999E-003
5.1479999999999998E-003
5.1269999999999996E-003
5.1060000000000003E-003
5.0840000000000000E-003
5.0610000000000004E-003
5.0379999999999999E-003
5.0140000000000002E-003
4.9890000000000004E-003
4.9639999999999997E-003
4.9389999999999998E-003
4.9129999999999998E-003
4.8859999999999997E-003
4.8589999999999996E-003
4.8310000000000002E-003
4.8030000000000000E-003
4.7739999999999996E-003
4.7450000000000001E-003
4.7149999999999996E-003
4.6849999999999999E-003
4.6540000000000002E-003
4.6230000000000004E-003
4.5919999999999997E-003
4.5610000000000000E-003
4.5290000000000000E-003
4.4960000000000000E-003
4.4640000000000001E-003
4.4310000000000000E-003
4.3969999999999999E-003
4.3639999999999998E-003
4.3299999999999996E-003
4.2960000000000003E-003
4.2620000000000002E-003
4.2269999999999999E-003
4.1929999999999997E-003
4.1580000000000002E-003
4.1219999999999998E-003
4.0870000000000004E-003
4.0520000000000000E-003
4.0159999999999996E-003
3.9800000000000000E-003
3.9449999999999997E-003
3.9090000000000001E-003
3.8730000000000001E-003
3.8370000000000001E-003
3.8000000000000000E-003
3.7640000000000000E-003
3.7280000000000000E-003
3.6909999999999998E-003
3.6549999999999998E-003
3.6189999999999998E-003
3.5820000000000001E-003
3.5460000000000001E-003
3.5100000000000001E-003
3.4730000000000000E-003
3.4370000000000000E-003
3.4009999999999999E-003
3.3649999999999999E-003
3.3279999999999998E-003
3.2919999999999998E-003
3.2560000000000002E-003
3.2200000000000002E-003
3.1849999999999999E-003
3.1489999999999999E-003
3.1129999999999999E-003
3.0780000000000000E-003
3.0420000000000000E-003
3.0070000000000001E-003
2.9719999999999998E-003
2.9369999999999999E-003
2.9020000000000001E-003
2.8679999999999999E-003
2.8330000000000000E-003
2.7989999999999998E-003
2.7650000000000001E-003
2.7309999999999999E-003
2.6970000000000002E-003
2.6630000000000000E-003
2.6300000000000000E-003
2.5969999999999999E-003
2.5639999999999999E-003
2.5309999999999998E-003
2.4989999999999999E-003
2.4659999999999999E-003
2.4340000000000000E-003
2.4020000000000001E-003
2.3709999999999998E-003
2.3389999999999999E-003
2.3080000000000002E-003
2.2769999999999999E-003
2.2460000000000002E-003
2.2160000000000001E-003
2.1860000000000000E-003
2.1559999999999999E-003
2.1259999999999999E-003
2.0969999999999999E-003
2.0669999999999998E-003
2.0379999999999999E-003
2.0100000000000001E-003
1.9810000000000001E-003
1.9530000000000001E-003
1.9250000000000001E-003
1.8979999999999999E-003
1.8699999999999999E-003
1.8430000000000000E-003
1.8159999999999999E-003
1.7899999999999999E-003
1.7630000000000000E-003
1.7370000000000000E-003
1.7120000000000000E-003
1.6860000000000000E-003
1.6609999999999999E-003
1.6360000000000001E-003
1.6110000000000000E-003
1.5870000000000001E-003
1.5629999999999999E-003
1.5390000000000000E-003
1.5150000000000001E-003
1.4920000000000001E-003
1.4690000000000000E-003
1.4460000000000000E-003
1.4239999999999999E-003
1.4009999999999999E-003
1.3790000000000000E-003
1.3569999999999999E-003
1.3359999999999999E-003
1.3150000000000000E-003
1.2940000000000000E-003
1.2730000000000000E-003
1.2530000000000000E-003
1.2320000000000000E-003
1.2130000000000001E-003
1.1930000000000000E-003
1.1730000000000000E-003
1.1540000000000001E-003
1.1349999999999999E-003
1.1169999999999999E-003
1.0980000000000000E-003
1.0800000000000000E-003
1.0620000000000000E-003
1.0440000000000000E-003
1.0269999999999999E-003
1.0100000000000000E-003
9.9270000000000001E-004
9.7590000000000003E-004
9.5940000000000001E-004
9.4320000000000005E-004
9.2710000000000004E-004
9.1129999999999998E-004
8.9559999999999998E-004
8.8020000000000004E-004
8.6510000000000005E-004
8.5010000000000001E-004
8.3540000000000003E-004
8.2089999999999995E-004
8.0659999999999998E-004
7.9250000000000002E-004
7.7859999999999995E-004
7.6490000000000000E-004
7.5150000000000000E-004
7.3820000000000005E-004
7.2510000000000001E-004
7.1230000000000002E-004
6.9959999999999998E-004
6.8709999999999995E-004
6.7480000000000003E-004
6.6270000000000001E-004
6.5079999999999999E-004
6.3909999999999998E-004
6.2750000000000002E-004
6.1620000000000002E-004
6.0499999999999996E-004
5.9389999999999996E-004
5.8310000000000002E-004
5.7249999999999998E-004
5.6200000000000000E-004
5.5170000000000002E-004
5.4149999999999999E-004
5.3149999999999996E-004
5.2170000000000005E-004
5.1199999999999998E-004
5.0250000000000002E-004
4.9319999999999995E-004
4.8400000000000000E-004
4.7500000000000000E-004
4.6600000000000000E-004
4.5730000000000000E-004
4.4870000000000001E-004
4.4030000000000002E-004
4.3199999999999998E-004
4.2380000000000000E-004
4.1580000000000002E-004
4.0789999999999999E-004
4.0010000000000002E-004
3.9250000000000000E-004
3.8499999999999998E-004
3.7760000000000002E-004
3.7040000000000000E-004
3.6329999999999999E-004
3.5629999999999999E-004
3.4939999999999998E-004
3.4269999999999998E-004
3.3609999999999998E-004
3.2959999999999999E-004
3.2320000000000000E-004
3.1690000000000001E-004
3.1070000000000002E-004
3.0469999999999998E-004
2.9870000000000000E-004
2.9290000000000002E-004
2.8709999999999999E-004
2.8150000000000001E-004
2.7599999999999999E-004
2.7050000000000002E-004
2.6520000000000000E-004
2.5999999999999998E-004
2.5480000000000001E-004
2.4980000000000000E-004
2.4479999999999999E-004
2.4000000000000001E-004
2.3520000000000000E-004
2.3049999999999999E-004
2.2589999999999999E-004
2.2139999999999999E-004
2.1699999999999999E-004
2.1259999999999999E-004
2.0840000000000000E-004
2.0420000000000000E-004
2.0010000000000001E-004
1.9599999999999999E-004
1.9210000000000001E-004
1.8819999999999999E-004
1.8440000000000001E-004
1.8070000000000000E-004
1.7699999999999999E-004
1.7340000000000001E-004
1.6990000000000001E-004
1.6640000000000001E-004
1.6300000000000000E-004
1.5970000000000001E-004
1.5650000000000001E-004
1.5330000000000001E-004
1.5009999999999999E-004
1.4710000000000000E-004
1.4400000000000000E-004
1.4109999999999999E-004
1.3820000000000000E-004
1.3530000000000001E-004
1.3250000000000000E-004
1.2980000000000001E-004
1.2710000000000000E-004
1.2449999999999999E-004
1.2190000000000000E-004
1.1940000000000000E-004
1.1690000000000000E-004
1.1450000000000000E-004
1.1210000000000000E-004
1.0980000000000000E-004
1.0750000000000000E-004
1.0520000000000000E-004
1.0300000000000000E-004
1.0090000000000000E-004
9.8780000000000000E-005
9.6710000000000001E-005
9.4679999999999995E-005
9.2700000000000004E-005
9.0749999999999997E-005
8.8839999999999996E-005
8.6970000000000002E-005
8.5140000000000001E-005
8.3339999999999998E-005
8.1589999999999996E-005
7.9859999999999998E-005
7.8170000000000005E-005
7.6520000000000006E-005
7.4889999999999996E-005
7.3310000000000001E-005
7.1749999999999996E-005
7.0220000000000002E-005
6.8730000000000001E-005
6.7269999999999998E-005
6.5829999999999998E-005
6.4430000000000005E-005
6.3050000000000001E-005
6.1710000000000004E-005
6.0390000000000003E-005
5.9100000000000000E-005
5.7830000000000000E-005
5.6589999999999999E-005
5.5380000000000002E-005
5.4190000000000001E-005
5.3019999999999997E-005
5.1879999999999998E-005
5.0769999999999997E-005
4.9669999999999997E-005
4.8600000000000002E-005
4.7549999999999997E-005
4.6520000000000002E-005
4.5519999999999998E-005
4.4530000000000002E-005
4.3569999999999998E-005
4.2620000000000002E-005
4.1699999999999997E-005
4.0790000000000001E-005
3.9910000000000002E-005
3.9039999999999999E-005
3.8189999999999999E-005
3.7360000000000001E-005
3.6539999999999999E-005
3.5750000000000002E-005
3.4969999999999999E-005
3.4209999999999999E-005
3.3460000000000002E-005
3.2719999999999998E-005
3.2010000000000000E-005
3.1309999999999997E-005
3.0620000000000002E-005
2.9950000000000000E-005
2.9289999999999999E-005
2.8649999999999998E-005
2.8019999999999999E-005
2.7399999999999999E-005
2.6800000000000001E-005
2.6210000000000001E-005
2.5630000000000000E-005
2.5069999999999999E-005
2.4519999999999999E-005
2.3969999999999999E-005
2.3439999999999999E-005
2.2929999999999999E-005
2.2419999999999999E-005
2.1920000000000000E-005
2.1440000000000001E-005
2.0959999999999999E-005
2.0500000000000000E-005
2.0040000000000001E-005
1.9599999999999999E-005
1.9160000000000000E-005
1.8740000000000000E-005
1.8320000000000001E-005
1.7910000000000000E-005
1.7510000000000000E-005
1.7119999999999999E-005
1.6739999999999999E-005
1.6370000000000001E-005
1.5999999999999999E-005
1.5650000000000001E-005
1.5299999999999999E-005
1.4960000000000001E-005
1.4620000000000001E-005
1.4290000000000000E-005
1.3970000000000000E-005
1.3660000000000000E-005
1.3360000000000001E-005
1.3060000000000000E-005
1.2760000000000000E-005
1.2480000000000001E-005
1.2200000000000000E-005
1.1919999999999999E-005
1.1660000000000000E-005
1.1389999999999999E-005
1.1140000000000000E-005
1.0890000000000001E-005
1.0640000000000000E-005
1.0400000000000000E-005
1.0169999999999999E-005
9.9399999999999997E-006
9.7159999999999998E-006
9.4960000000000002E-006
9.2830000000000007E-006
9.0729999999999994E-006
8.8689999999999993E-006
8.6689999999999995E-006
8.4730000000000000E-006
8.2819999999999996E-006
8.0949999999999996E-006
7.9109999999999993E-006
7.7319999999999998E-006
7.5580000000000003E-006
7.3869999999999997E-006
7.2200000000000003E-006
7.0559999999999999E-006
6.8970000000000002E-006
6.7399999999999998E-006
6.5869999999999998E-006
6.4380000000000000E-006
6.2929999999999997E-006
6.1500000000000004E-006
6.0100000000000001E-006
5.8740000000000000E-006
5.7409999999999998E-006
5.6110000000000001E-006
5.4829999999999999E-006
5.3589999999999999E-006
5.2370000000000000E-006
5.1180000000000000E-006
5.0019999999999997E-006
4.8890000000000001E-006
4.7779999999999998E-006
4.6689999999999997E-006
4.5630000000000002E-006
4.4599999999999996E-006
4.3579999999999996E-006
4.2590000000000002E-006
4.1629999999999998E-006
4.0679999999999998E-006
3.9750000000000001E-006
3.8859999999999997E-006
3.7969999999999998E-006
3.7110000000000001E-006
3.6270000000000002E-006
3.5439999999999999E-006
3.4640000000000002E-006
3.3850000000000002E-006
3.3079999999999999E-006
3.2329999999999998E-006
3.1599999999999998E-006
3.0879999999999999E-006
3.0180000000000002E-006
2.9490000000000001E-006
2.8820000000000001E-006
2.8169999999999999E-006
2.7530000000000002E-006
2.6900000000000001E-006
2.6290000000000002E-006
2.5700000000000000E-006
2.5110000000000002E-006
2.4540000000000001E-006
2.3980000000000002E-006
2.3439999999999999E-006
2.2910000000000002E-006
2.2390000000000001E-006
2.1880000000000001E-006
2.1380000000000001E-006
2.0899999999999999E-006
2.0420000000000001E-006
1.9950000000000000E-006
1.9500000000000000E-006
1.9050000000000000E-006
1.8619999999999999E-006
1.8199999999999999E-006
1.7780000000000000E-006
1.7370000000000001E-006
1.6970000000000000E-006
1.6589999999999999E-006
1.6199999999999999E-006
1.5829999999999999E-006
1.5470000000000000E-006
1.5110000000000000E-006
1.4759999999999999E-006
1.4419999999999999E-006
1.4090000000000000E-006
1.3760000000000000E-006
1.3440000000000000E-006
1.3120000000000001E-006
1.2810000000000001E-006
1.2510000000000000E-006
1.2210000000000000E-006
1.1930000000000001E-006
1.1640000000000000E-006
1.1360000000000000E-006
1.1090000000000001E-006
1.0820000000000000E-006
1.0559999999999999E-006
1.0300000000000001E-006
1.0049999999999999E-006
9.8039999999999996E-007
9.5620000000000005E-007
9.3259999999999997E-007
9.0930000000000002E-007
8.8640000000000000E-007
8.6400000000000001E-007
8.4190000000000004E-007
8.2030000000000001E-007
7.9910000000000000E-007
7.7850000000000004E-007
7.5820000000000000E-007
7.3819999999999998E-007
7.1859999999999999E-007
6.9950000000000004E-007
6.8070000000000000E-007
6.6219999999999999E-007
6.4410000000000000E-007
6.2630000000000004E-007
6.0900000000000001E-007
5.9200000000000001E-007
5.7530000000000002E-007
5.5899999999999996E-007
5.4300000000000003E-007
5.2730000000000002E-007
5.1200000000000003E-007
4.9689999999999996E-007
4.8220000000000002E-007
4.6779999999999999E-007
4.5380000000000000E-007
4.4009999999999998E-007
4.2669999999999998E-007
4.1360000000000000E-007
4.0069999999999998E-007
3.8820000000000000E-007
3.7590000000000002E-007
3.6399999999999998E-007
3.5230000000000000E-007
3.4089999999999999E-007
3.2990000000000001E-007
3.1909999999999999E-007
3.0860000000000000E-007
2.9830000000000002E-007
2.8830000000000001E-007
2.7860000000000002E-007
2.6909999999999999E-007
2.5989999999999999E-007
2.5090000000000000E-007
2.4219999999999999E-007
2.3370000000000001E-007
2.2560000000000001E-007
2.1759999999999999E-007
2.0989999999999999E-007
2.0240000000000001E-007
1.9509999999999999E-007
1.8799999999999999E-007
1.8120000000000001E-007
1.7450000000000001E-007
1.6800000000000000E-007
1.6180000000000001E-007
1.5580000000000001E-007
1.4999999999999999E-007
1.4440000000000000E-007
1.3899999999999999E-007
1.3370000000000001E-007
1.2860000000000000E-007
1.2370000000000000E-007
1.1880000000000001E-007
1.1420000000000000E-007
1.0970000000000000E-007
1.0540000000000000E-007
1.0139999999999999E-007
9.7460000000000001E-008
9.3649999999999995E-008
8.9980000000000002E-008
8.6410000000000004E-008
8.2949999999999998E-008
7.9609999999999996E-008
7.6380000000000000E-008
7.3269999999999994E-008
7.0259999999999995E-008
6.7379999999999999E-008
6.4729999999999998E-008
6.2149999999999997E-008
5.9649999999999995E-008
5.7229999999999997E-008
5.4889999999999997E-008
5.2630000000000002E-008
5.0449999999999998E-008
4.8340000000000001E-008
4.6310000000000002E-008
4.4349999999999997E-008
4.2470000000000002E-008
4.0730000000000001E-008
3.9080000000000003E-008
3.7480000000000002E-008
3.5940000000000003E-008
3.4450000000000001E-008
3.2999999999999998E-008
3.1610000000000003E-008
3.0260000000000001E-008
2.8959999999999999E-008
2.7719999999999999E-008
2.6510000000000000E-008
2.5360000000000000E-008
2.4330000000000000E-008
2.3320000000000000E-008
2.2360000000000000E-008
2.1419999999999999E-008
2.0520000000000001E-008
1.9639999999999999E-008
1.8800000000000000E-008
1.7990000000000001E-008
1.7210000000000000E-008
1.6449999999999998E-008
1.5729999999999999E-008
1.5040000000000001E-008
1.4410000000000000E-008
1.3809999999999999E-008
1.3230000000000000E-008
1.2670000000000000E-008
1.2130000000000000E-008
1.1609999999999999E-008
1.1110000000000000E-008
1.0620000000000000E-008
1.0160000000000000E-008
9.7089999999999995E-009
9.2789999999999999E-009
8.8740000000000006E-009
8.5030000000000001E-009
8.1440000000000000E-009
7.7979999999999997E-009
7.4639999999999999E-009
7.1420000000000004E-009
6.8320000000000004E-009
6.5340000000000000E-009
6.2469999999999996E-009
5.9710000000000002E-009
5.7070000000000002E-009
5.4610000000000001E-009
5.2300000000000003E-009
5.0069999999999998E-009
4.7920000000000000E-009
4.5850000000000002E-009
4.3850000000000001E-009
4.1940000000000002E-009
4.0100000000000000E-009
3.8339999999999998E-009
3.6660000000000000E-009
3.5100000000000001E-009
3.3600000000000000E-009
3.2150000000000002E-009
3.0760000000000001E-009
2.9420000000000000E-009
2.8130000000000001E-009
2.6900000000000000E-009
2.5730000000000001E-009
2.4629999999999999E-009
2.3570000000000000E-009
2.2560000000000001E-009
2.1569999999999999E-009
2.0639999999999999E-009
1.9730000000000001E-009
1.8880000000000001E-009
1.8080000000000000E-009
1.7309999999999999E-009
1.6560000000000001E-009
1.5839999999999999E-009
1.5150000000000000E-009
1.4490000000000001E-009
1.3850000000000001E-009
1.3270000000000001E-009
1.2720000000000000E-009
1.2179999999999999E-009
1.1659999999999999E-009
1.1150000000000000E-009
1.0669999999999999E-009
1.0210000000000001E-009
9.7599999999999994E-010
9.3310000000000001E-010
8.9200000000000002E-010
8.5260000000000003E-010
8.1590000000000005E-010
7.8159999999999997E-010
7.4840000000000002E-010
7.1630000000000000E-010
6.8540000000000003E-010
6.5559999999999999E-010
6.2710000000000004E-010
5.9950000000000005E-010
5.7369999999999999E-010
5.5029999999999995E-010
5.2760000000000002E-010
5.0559999999999999E-010
4.8440000000000000E-010
4.6379999999999999E-010
4.4400000000000002E-010
4.2480000000000002E-010
4.0629999999999998E-010
3.8859999999999998E-010
3.7139999999999998E-010
3.5489999999999998E-010
3.3910000000000000E-010
3.2380000000000001E-010
3.1070000000000002E-010
2.9809999999999998E-010
2.8590000000000002E-010
2.7410000000000002E-010
2.6260000000000000E-010
2.5150000000000001E-010
2.4090000000000002E-010
2.3050000000000001E-010
2.2049999999999999E-010
2.1089999999999999E-010
2.0160000000000001E-010
1.9269999999999999E-010
1.8419999999999999E-010
1.7590000000000001E-010
1.6809999999999999E-010
1.6140000000000001E-010
1.5490000000000000E-010
1.4860000000000001E-010
1.4250000000000000E-010
1.3660000000000000E-010
1.3080000000000000E-010
1.2530000000000000E-010
1.2000000000000000E-010
1.1479999999999999E-010
1.0980000000000000E-010
1.0500000000000000E-010
1.0040000000000000E-010
9.5970000000000006E-011
9.1700000000000004E-011
8.7579999999999996E-011
8.3989999999999999E-011
8.0659999999999996E-011
7.7420000000000003E-011
7.4289999999999996E-011
7.1250000000000000E-011
6.8299999999999999E-011
6.5450000000000004E-011
6.2700000000000001E-011
6.0029999999999998E-011
5.7460000000000001E-011
5.4980000000000000E-011
5.2590000000000003E-011
5.0290000000000002E-011
4.8070000000000002E-011
4.5939999999999999E-011
4.3880000000000001E-011
4.2090000000000000E-011
4.0439999999999998E-011
3.8839999999999998E-011
3.7279999999999999E-011
3.5770000000000003E-011
3.4310000000000002E-011
3.2899999999999998E-011
3.1530000000000000E-011
3.0200000000000003E-011
2.8919999999999999E-011
2.7690000000000000E-011
2.6499999999999999E-011
2.5349999999999998E-011
2.4239999999999998E-011
2.3169999999999999E-011
2.2149999999999999E-011
2.1160000000000001E-011
2.0329999999999999E-011
1.9540000000000001E-011
1.8770000000000000E-011
1.8020000000000000E-011
1.7300000000000001E-011
1.6600000000000000E-011
1.5919999999999998E-011
1.5260000000000001E-011
1.4629999999999999E-011
1.4010000000000000E-011
1.3420000000000001E-011
1.2850000000000000E-011
1.2290000000000000E-011
1.1760000000000000E-011
1.1250000000000000E-011
1.0760000000000000E-011
1.0290000000000001E-011
9.8649999999999997E-012
9.4790000000000003E-012
9.1059999999999994E-012
8.7440000000000007E-012
8.3940000000000000E-012
8.0539999999999994E-012
7.7260000000000000E-012
7.4080000000000007E-012
7.1009999999999997E-012
6.8050000000000002E-012
6.5199999999999997E-012
6.2450000000000001E-012
5.9800000000000000E-012
5.7249999999999999E-012
5.4809999999999998E-012
5.2450000000000004E-012
5.0320000000000004E-012
4.8339999999999998E-012
4.6410000000000001E-012
4.4560000000000004E-012
4.2760000000000000E-012
4.1020000000000001E-012
3.9349999999999997E-012
3.7730000000000002E-012
3.6170000000000000E-012
3.4670000000000001E-012
3.3229999999999999E-012
3.1840000000000002E-012
3.0500000000000001E-012
2.9250000000000002E-012
2.8089999999999998E-012
2.6969999999999999E-012
2.5890000000000000E-012
2.4839999999999999E-012
2.3829999999999998E-012
2.2860000000000002E-012
2.1930000000000000E-012
2.1029999999999998E-012
2.0170000000000000E-012
1.9340000000000000E-012
1.8569999999999999E-012
1.7830000000000000E-012
1.7110000000000001E-012
1.6430000000000000E-012
1.5759999999999999E-012
1.5120000000000000E-012
1.4510000000000000E-012
1.3919999999999999E-012
1.3370000000000001E-012
1.2840000000000000E-012
1.2330000000000001E-012
1.1829999999999999E-012
1.1360000000000000E-012
1.0900000000000000E-012
1.0460000000000000E-012
1.0040000000000000E-012
9.6420000000000007E-013
9.2600000000000009E-013
8.8910000000000002E-013
8.5350000000000005E-013
8.1919999999999998E-013
7.8680000000000004E-013
7.5609999999999998E-013
7.2640000000000001E-013
6.9770000000000005E-013
6.6999999999999997E-013
6.4330000000000000E-013
6.1750000000000004E-013
5.9279999999999996E-013
5.6920000000000004E-013
5.4720000000000003E-013
5.2599999999999998E-013
5.0550000000000002E-013
4.8570000000000004E-013
4.6649999999999998E-013
4.4800000000000001E-013
4.3020000000000002E-013
4.1309999999999998E-013
3.9649999999999998E-013
3.8090000000000002E-013
3.6630000000000001E-013
3.5220000000000000E-013
3.3859999999999999E-013
3.2540000000000001E-013
3.1270000000000002E-013
3.0040000000000001E-013
2.8849999999999998E-013
2.7710000000000000E-013
2.6610000000000000E-013
2.5559999999999999E-013
2.4589999999999999E-013
2.3650000000000000E-013
2.2740000000000002E-013
2.1860000000000000E-013
2.1010000000000001E-013
2.0200000000000000E-013
1.9410000000000000E-013
1.8649999999999999E-013
1.7920000000000001E-013
1.7209999999999999E-013
1.6550000000000000E-013
1.5919999999999999E-013
1.5310000000000000E-013
1.4719999999999999E-013
1.4160000000000000E-013
1.3610000000000000E-013
1.3080000000000001E-013
1.2570000000000001E-013
1.2099999999999999E-013
1.1639999999999999E-013
1.1200000000000000E-013
1.0770000000000000E-013
1.0360000000000000E-013
9.9559999999999994E-014
9.5710000000000003E-014
9.2060000000000001E-014
8.8629999999999997E-014
8.5319999999999996E-014
8.2110000000000003E-014
7.9000000000000004E-014
7.6000000000000004E-014
7.3089999999999995E-014
7.0300000000000001E-014
6.7599999999999997E-014
6.5000000000000001E-014
6.2489999999999994E-014
6.0139999999999997E-014
5.7910000000000003E-014
5.5750000000000002E-014
5.3660000000000002E-014
5.1640000000000001E-014
4.9690000000000001E-014
4.7800000000000002E-014
4.5979999999999997E-014
4.4229999999999998E-014
4.2559999999999997E-014
4.1010000000000000E-014
3.9500000000000002E-014
3.8040000000000001E-014
3.6629999999999998E-014
3.5250000000000001E-014
3.3930000000000000E-014
3.2640000000000000E-014
3.1399999999999997E-014
3.0179999999999997E-014
2.9099999999999997E-014
2.8079999999999999E-014
2.7090000000000001E-014
2.6130000000000001E-014
2.5190000000000001E-014
2.4279999999999999E-014
2.3400000000000000E-014
2.2540000000000001E-014
2.1710000000000000E-014
2.0900000000000001E-014
2.0120000000000000E-014
1.9359999999999999E-014
1.8629999999999999E-014
1.7920000000000001E-014
1.7230000000000000E-014
1.6569999999999999E-014
1.5930000000000001E-014
1.5310000000000000E-014
1.4750000000000000E-014
1.4230000000000000E-014
1.3730000000000000E-014
1.3240000000000001E-014
1.2770000000000000E-014
1.2310000000000000E-014
1.1869999999999999E-014
1.1430000000000000E-014
1.1020000000000000E-014
1.0610000000000000E-014
1.0220000000000000E-014
9.8390000000000007E-015
9.4730000000000007E-015
9.1190000000000001E-015
8.7790000000000001E-015
8.4499999999999997E-015
8.1340000000000000E-015
7.8280000000000002E-015
7.5410000000000001E-015
7.2719999999999998E-015
7.0109999999999997E-015
6.7590000000000004E-015
6.5139999999999997E-015
6.2770000000000000E-015
6.0490000000000003E-015
5.8280000000000000E-015
5.6140000000000001E-015
5.4109999999999998E-015
5.2189999999999998E-015
5.0319999999999997E-015
4.8520000000000000E-015
4.6779999999999999E-015
4.5089999999999997E-015
4.3460000000000000E-015
4.1880000000000002E-015
4.0360000000000001E-015
3.8880000000000001E-015
3.7509999999999996E-015
3.6189999999999998E-015
3.4899999999999999E-015
3.3650000000000001E-015
3.2450000000000001E-015
3.1279999999999999E-015
3.0149999999999999E-015
2.9059999999999999E-015
2.8000000000000001E-015
2.7020000000000001E-015
2.6070000000000000E-015
2.5150000000000000E-015
2.4260000000000000E-015
2.3389999999999999E-015
2.2550000000000002E-015
2.1750000000000000E-015
2.0970000000000000E-015
2.0209999999999999E-015
1.9489999999999999E-015
1.8810000000000000E-015
1.8150000000000001E-015
1.7510000000000001E-015
1.6890000000000000E-015
1.6300000000000001E-015
1.5719999999999999E-015
1.5150000000000000E-015
1.4610000000000001E-015
1.4090000000000000E-015
1.3590000000000000E-015
1.3120000000000000E-015
1.2670000000000001E-015
1.2230000000000000E-015
1.1800000000000000E-015
1.1380000000000000E-015
1.0980000000000001E-015
1.0590000000000001E-015
1.0210000000000000E-015
9.8390000000000007E-016
9.4890000000000010E-016
9.1710000000000005E-016
8.8619999999999998E-016
8.5610000000000005E-016
8.2700000000000003E-016
7.9860000000000000E-016
7.7100000000000001E-016
7.4420000000000004E-016
7.1809999999999997E-016
6.9289999999999998E-016
6.6850000000000002E-016
6.4480000000000004E-016
6.2179999999999997E-016
5.9960000000000002E-016
5.7800000000000002E-016
5.5730000000000000E-016
5.3720000000000003E-016
5.1779999999999995E-016
4.9920000000000001E-016
4.8220000000000003E-016
4.6569999999999995E-016
4.4969999999999999E-016
4.3409999999999999E-016
4.1900000000000000E-016
4.0440000000000002E-016
3.9020000000000001E-016
3.7660000000000000E-016
3.6330000000000001E-016
3.5060000000000002E-016
3.3820000000000000E-016
3.2620000000000001E-016
3.1499999999999999E-016
3.0410000000000000E-016
2.9359999999999998E-016
2.8339999999999998E-016
2.7360000000000000E-016
2.6400000000000000E-016
2.5480000000000002E-016
2.4600000000000000E-016
2.3750000000000001E-016
2.2930000000000000E-016
2.2140000000000001E-016
2.1379999999999999E-016
2.0629999999999999E-016
1.9910000000000000E-016
1.9220000000000000E-016
1.8550000000000001E-016
1.7920000000000001E-016
1.7309999999999999E-016
1.6709999999999999E-016
1.6139999999999999E-016
1.5580000000000001E-016
1.5030000000000000E-016
1.4499999999999999E-016
1.4010000000000000E-016
1.3550000000000001E-016
1.3100000000000001E-016
1.2660000000000000E-016
1.2240000000000000E-016
1.1820000000000000E-016
1.1420000000000001E-016
1.1030000000000000E-016
1.0650000000000000E-016
1.0280000000000000E-016
9.9230000000000000E-017
9.5760000000000002E-017