3.9260000000000002E-006
1.1490000000000000E-005
1.9040000000000001E-005
2.9329999999999999E-005
4.3739999999999998E-005
6.1020000000000002E-005
8.1130000000000004E-005
1.0410000000000000E-004
1.2980000000000001E-004
1.5830000000000000E-004
1.8960000000000000E-004
2.2350000000000001E-004
2.6019999999999998E-004
2.9950000000000002E-004
3.4140000000000000E-004
3.8590000000000000E-004
4.3290000000000001E-004
4.8240000000000002E-004
5.3439999999999998E-004
5.8870000000000005E-004
6.4539999999999997E-004
7.0430000000000004E-004
7.6550000000000001E-004
8.2890000000000004E-004
8.9439999999999995E-004
9.6190000000000002E-004
1.0310000000000000E-003
1.1030000000000000E-003
1.1760000000000000E-003
1.2509999999999999E-003
1.3280000000000000E-003
1.4070000000000000E-003
1.4870000000000000E-003
1.5679999999999999E-003
1.6509999999999999E-003
1.7350000000000000E-003
1.8209999999999999E-003
1.9080000000000000E-003
1.9959999999999999E-003
2.0850000000000000E-003
2.1749999999999999E-003
2.2659999999999998E-003
2.3570000000000002E-003
2.4499999999999999E-003
2.5430000000000001E-003
2.6370000000000000E-003
2.7309999999999999E-003
2.8249999999999998E-003
2.9199999999999999E-003
3.0149999999999999E-003
3.1110000000000001E-003
3.2060000000000001E-003
3.3010000000000001E-003
3.3969999999999998E-003
3.4919999999999999E-003
3.5869999999999999E-003
3.6819999999999999E-003
3.7759999999999998E-003
3.8700000000000002E-003
3.9630000000000004E-003
4.0559999999999997E-003
4.1479999999999998E-003
4.2399999999999998E-003
4.3299999999999996E-003
4.4200000000000003E-003
4.5090000000000000E-003
4.5970000000000004E-003
4.6829999999999997E-003
4.7689999999999998E-003
4.8529999999999997E-003
4.9370000000000004E-003
5.0190000000000000E-003
5.0990000000000002E-003
5.1789999999999996E-003
5.2560000000000003E-003
5.3330000000000001E-003
5.4070000000000003E-003
5.4799999999999996E-003
5.5519999999999996E-003
5.6220000000000003E-003
5.6899999999999997E-003
5.7559999999999998E-003
5.8209999999999998E-003
5.8840000000000003E-003
5.9449999999999998E-003
6.0029999999999997E-003
6.0610000000000004E-003
6.1159999999999999E-003
6.1690000000000000E-003
6.2199999999999998E-003
6.2700000000000004E-003
6.3169999999999997E-003
6.3619999999999996E-003
6.4050000000000001E-003
6.4460000000000003E-003
6.4850000000000003E-003
6.5220000000000000E-003
6.5570000000000003E-003
6.5890000000000002E-003
6.6200000000000000E-003
6.6480000000000003E-003
6.6750000000000004E-003
6.6990000000000001E-003
6.7210000000000004E-003
6.7419999999999997E-003
6.7600000000000004E-003
6.7749999999999998E-003
6.7900000000000000E-003
6.8009999999999998E-003
6.8110000000000002E-003
6.8190000000000004E-003
6.8250000000000003E-003
6.8290000000000000E-003
6.8310000000000003E-003
6.8300000000000001E-003
6.8279999999999999E-003
6.8250000000000003E-003
6.8190000000000004E-003
6.8110000000000002E-003
6.8019999999999999E-003
6.7910000000000002E-003
6.7780000000000002E-003
6.7619999999999998E-003
6.7460000000000003E-003
6.7279999999999996E-003
6.7080000000000004E-003
6.6870000000000002E-003
6.6639999999999998E-003
6.6389999999999999E-003
6.6130000000000000E-003
6.5849999999999997E-003
6.5560000000000002E-003
6.5250000000000004E-003
6.4939999999999998E-003
6.4599999999999996E-003
6.4260000000000003E-003
6.3899999999999998E-003
6.3520000000000000E-003
6.3140000000000002E-003
6.2740000000000001E-003
6.2340000000000000E-003
6.1919999999999996E-003
6.1490000000000000E-003
6.1060000000000003E-003
6.0610000000000004E-003
6.0150000000000004E-003
5.9680000000000002E-003
5.9210000000000000E-003
5.8729999999999997E-003
5.8230000000000001E-003
5.7730000000000004E-003
5.7229999999999998E-003
5.6709999999999998E-003
5.6189999999999999E-003
5.5669999999999999E-003
5.5129999999999997E-003
5.4599999999999996E-003
5.4050000000000001E-003
5.3509999999999999E-003
5.2960000000000004E-003
5.2399999999999999E-003
5.1840000000000002E-003
5.1269999999999996E-003
5.0710000000000000E-003
5.0140000000000002E-003
4.9560000000000003E-003
4.8989999999999997E-003
4.8409999999999998E-003
4.7840000000000001E-003
4.7250000000000000E-003
4.6680000000000003E-003
4.6090000000000002E-003
4.5510000000000004E-003
4.4929999999999996E-003
4.4349999999999997E-003
4.3759999999999997E-003
4.3179999999999998E-003
4.2599999999999999E-003
4.2020000000000000E-003
4.1440000000000001E-003
4.0860000000000002E-003
4.0289999999999996E-003
3.9709999999999997E-003
3.9139999999999999E-003
3.8570000000000002E-003
3.8000000000000000E-003
3.7439999999999999E-003
3.6870000000000002E-003
3.6310000000000001E-003
3.5760000000000002E-003
3.5200000000000001E-003
3.4650000000000002E-003
3.4110000000000000E-003
3.3570000000000002E-003
3.3029999999999999E-003
3.2490000000000002E-003
3.1960000000000001E-003
3.1430000000000000E-003
3.0910000000000000E-003
3.0390000000000000E-003
2.9880000000000002E-003
2.9369999999999999E-003
2.8860000000000001E-003
2.8360000000000000E-003
2.7870000000000000E-003
2.7380000000000000E-003
2.6890000000000000E-003
2.6410000000000001E-003
2.5940000000000000E-003
2.5469999999999998E-003
2.5000000000000001E-003
2.4540000000000000E-003
2.4090000000000001E-003
2.3640000000000002E-003
2.3200000000000000E-003
2.2759999999999998E-003
2.2330000000000002E-003
2.1900000000000001E-003
2.1480000000000002E-003
2.1059999999999998E-003
2.0650000000000000E-003
2.0240000000000002E-003
1.9840000000000001E-003
1.9449999999999999E-003
1.9059999999999999E-003
1.8680000000000001E-003
1.8300000000000000E-003
1.7930000000000001E-003
1.7560000000000000E-003
1.7200000000000000E-003
1.6840000000000000E-003
1.6490000000000001E-003
1.6149999999999999E-003
1.5809999999999999E-003
1.5470000000000000E-003
1.5139999999999999E-003
1.4820000000000000E-003
1.4499999999999999E-003
1.4189999999999999E-003
1.3879999999999999E-003
1.3580000000000000E-003
1.3280000000000000E-003
1.2990000000000000E-003
1.2700000000000001E-003
1.2420000000000000E-003
1.2140000000000000E-003
1.1869999999999999E-003
1.1600000000000000E-003
1.1340000000000000E-003
1.1080000000000000E-003
1.0830000000000000E-003
1.0579999999999999E-003
1.0330000000000001E-003
1.0100000000000000E-003
9.8609999999999995E-004
9.6299999999999999E-004
9.4050000000000004E-004
9.1830000000000004E-004
8.9660000000000000E-004
8.7529999999999997E-004
8.5439999999999995E-004
8.3390000000000005E-004
8.1390000000000000E-004
7.9429999999999995E-004
7.7499999999999997E-004
7.5619999999999995E-004
7.3769999999999999E-004
7.1960000000000004E-004
7.0189999999999998E-004
6.8460000000000005E-004
6.6759999999999996E-004
6.5099999999999999E-004
6.3480000000000003E-004
6.1890000000000003E-004
6.0329999999999997E-004
5.8810000000000004E-004
5.7319999999999995E-004
5.5860000000000003E-004
5.4440000000000001E-004
5.3050000000000005E-004
5.1679999999999999E-004
5.0350000000000004E-004
4.9050000000000005E-004
4.7780000000000001E-004
4.6539999999999998E-004
4.5320000000000001E-004
4.4140000000000000E-004
4.2979999999999998E-004
4.1849999999999998E-004
4.0739999999999998E-004
3.9659999999999999E-004
3.8610000000000001E-004
3.7579999999999997E-004
3.6570000000000000E-004
3.5589999999999998E-004
3.4630000000000001E-004
3.3700000000000001E-004
3.2780000000000000E-004
3.1890000000000000E-004
3.1030000000000001E-004
3.0180000000000002E-004
2.9349999999999998E-004
2.8550000000000000E-004
2.7760000000000003E-004
2.6990000000000000E-004
2.6249999999999998E-004
2.5520000000000002E-004
2.4810000000000001E-004
2.4110000000000001E-004
2.3440000000000001E-004
2.2780000000000001E-004
2.2139999999999999E-004
2.1520000000000000E-004
2.0909999999999999E-004
2.0310000000000000E-004
1.9730000000000000E-004
1.9170000000000000E-004
1.8620000000000000E-004
1.8090000000000001E-004
1.7569999999999999E-004
1.7060000000000000E-004
1.6569999999999999E-004
1.6090000000000001E-004
1.5620000000000000E-004
1.5160000000000000E-004
1.4720000000000000E-004
1.4280000000000000E-004
1.3860000000000001E-004
1.3449999999999999E-004
1.3050000000000000E-004
1.2669999999999999E-004
1.2290000000000001E-004
1.1920000000000000E-004
1.1560000000000000E-004
1.1210000000000000E-004
1.0870000000000000E-004
1.0540000000000000E-004
1.0210000000000000E-004
9.8960000000000001E-005
9.5890000000000005E-005
9.2890000000000000E-005
8.9980000000000002E-005
8.7130000000000001E-005
8.4359999999999999E-005
8.1660000000000001E-005
7.9019999999999999E-005
7.6450000000000002E-005
7.3949999999999995E-005
7.1509999999999998E-005
6.9129999999999997E-005
6.6810000000000006E-005
6.4549999999999997E-005
6.2349999999999998E-005
6.0210000000000001E-005
5.8109999999999998E-005
5.6079999999999998E-005
5.4089999999999999E-005
5.2160000000000002E-005
5.0280000000000000E-005
4.8449999999999999E-005
4.6669999999999999E-005
4.4940000000000000E-005
4.3250000000000001E-005
4.1610000000000003E-005
4.0020000000000000E-005
3.8479999999999997E-005
3.6980000000000002E-005
3.5519999999999999E-005
3.4100000000000002E-005
3.2730000000000000E-005
3.1399999999999998E-005
3.0110000000000001E-005
2.8870000000000000E-005
2.7659999999999999E-005
2.6489999999999999E-005
2.5360000000000001E-005
2.4270000000000000E-005
2.3210000000000000E-005
2.2189999999999999E-005
2.1209999999999999E-005
2.0270000000000001E-005
1.9349999999999999E-005
1.8470000000000001E-005
1.7629999999999999E-005
1.6810000000000000E-005
1.6030000000000001E-005
1.5279999999999999E-005
1.4550000000000000E-005
1.3859999999999999E-005
1.3190000000000001E-005
1.2560000000000000E-005
1.1950000000000001E-005
1.1360000000000000E-005
1.0800000000000000E-005
1.0260000000000000E-005
9.7510000000000003E-006
9.2620000000000004E-006
8.7940000000000008E-006
8.3489999999999992E-006
7.9230000000000002E-006
7.5170000000000002E-006
7.1310000000000000E-006
6.7630000000000003E-006
6.4119999999999998E-006
6.0800000000000002E-006
5.7629999999999997E-006
5.4609999999999999E-006
5.1749999999999996E-006
4.9030000000000003E-006
4.6460000000000001E-006
4.4009999999999999E-006
4.1690000000000002E-006
3.9489999999999998E-006
3.7409999999999998E-006
3.5429999999999998E-006
3.3569999999999998E-006
3.1800000000000000E-006
3.0120000000000001E-006
2.8540000000000001E-006
2.7039999999999999E-006
2.5620000000000002E-006
2.4290000000000000E-006
2.3020000000000002E-006
2.1820000000000000E-006
2.0690000000000000E-006
1.9620000000000000E-006
1.8610000000000001E-006
1.7659999999999999E-006
1.6759999999999999E-006
1.5910000000000001E-006
1.5099999999999999E-006
1.4339999999999999E-006
1.3629999999999999E-006
1.2950000000000001E-006
1.2309999999999999E-006
1.1710000000000001E-006
1.1130000000000000E-006
1.0600000000000000E-006
1.0079999999999999E-006
9.5999999999999991E-007
9.1439999999999998E-007
8.7120000000000002E-007
8.3020000000000001E-007
7.9149999999999996E-007
7.5489999999999996E-007
7.2010000000000000E-007
6.8719999999999996E-007
6.5600000000000005E-007
6.2640000000000005E-007
5.9839999999999996E-007
5.7189999999999998E-007
5.4669999999999999E-007
5.2259999999999998E-007
4.9989999999999997E-007
4.7830000000000004E-007
4.5769999999999998E-007
4.3819999999999999E-007
4.1950000000000002E-007
4.0190000000000002E-007
3.8500000000000002E-007
3.6899999999999998E-007
3.5370000000000000E-007
3.3910000000000001E-007
3.2519999999999997E-007
3.1189999999999998E-007
2.9919999999999998E-007
2.8710000000000002E-007
2.7560000000000001E-007
2.6459999999999997E-007
2.5400000000000002E-007
2.4390000000000001E-007
2.3430000000000000E-007
2.2510000000000000E-007
2.1619999999999999E-007
2.0779999999999999E-007
1.9969999999999999E-007
1.9189999999999999E-007
1.8449999999999999E-007
1.7739999999999999E-007
1.7050000000000000E-007
1.6400000000000001E-007
1.5769999999999999E-007
1.5169999999999999E-007
1.4590000000000000E-007
1.4030000000000001E-007
1.3500000000000000E-007
1.2989999999999999E-007
1.2489999999999999E-007
1.2020000000000000E-007
1.1570000000000000E-007
1.1130000000000000E-007
1.0710000000000000E-007
1.0310000000000000E-007
9.9229999999999996E-008
9.5519999999999998E-008
9.1930000000000003E-008
8.8479999999999996E-008
8.5179999999999999E-008
8.1989999999999995E-008
7.8930000000000006E-008
7.5979999999999996E-008
7.3150000000000003E-008
7.0420000000000005E-008
6.7790000000000000E-008
6.5260000000000003E-008
6.2830000000000001E-008
6.0489999999999994E-008
5.8239999999999997E-008
5.6069999999999998E-008
5.3979999999999998E-008
5.1980000000000000E-008
5.0039999999999997E-008
4.8179999999999999E-008
4.6390000000000000E-008
4.4670000000000002E-008
4.3000000000000001E-008
4.1400000000000000E-008
3.9860000000000001E-008
3.8379999999999997E-008
3.6950000000000003E-008
3.5570000000000000E-008
3.4249999999999999E-008
3.2969999999999997E-008
3.1739999999999998E-008
3.0559999999999997E-008
2.9420000000000001E-008
2.8330000000000000E-008
2.7269999999999999E-008
2.6250000000000000E-008
2.5279999999999999E-008
2.4330000000000000E-008
2.3420000000000001E-008
2.2550000000000000E-008
2.1710000000000001E-008
2.0899999999999999E-008
2.0120000000000001E-008
1.9370000000000001E-008
1.8640000000000000E-008
1.7940000000000001E-008
1.7280000000000000E-008
1.6630000000000001E-008
1.6009999999999999E-008
1.5410000000000000E-008
1.4829999999999999E-008
1.4270000000000000E-008
1.3739999999999999E-008
1.3230000000000000E-008
1.2730000000000001E-008
1.2250000000000001E-008
1.1790000000000000E-008
1.1350000000000001E-008
1.0920000000000000E-008
1.0509999999999999E-008
1.0120000000000001E-008
9.7369999999999998E-009
9.3689999999999994E-009
9.0150000000000000E-009
8.6770000000000005E-009
8.3500000000000003E-009
8.0360000000000000E-009
7.7319999999999994E-009
7.4410000000000003E-009
7.1610000000000004E-009
6.8910000000000003E-009
6.6299999999999996E-009
6.3799999999999999E-009
6.1399999999999999E-009
5.9079999999999999E-009
5.6839999999999998E-009
5.4690000000000000E-009
5.2629999999999997E-009
5.0639999999999999E-009
4.8719999999999997E-009
4.6870000000000000E-009
4.5100000000000003E-009
4.3400000000000003E-009
4.1750000000000002E-009
4.0160000000000002E-009
3.8650000000000002E-009
3.7200000000000000E-009
3.5779999999999998E-009
3.4419999999999999E-009
3.3109999999999998E-009
3.1850000000000001E-009
3.0640000000000002E-009
2.9480000000000002E-009
2.8370000000000000E-009
2.7280000000000001E-009
2.6240000000000000E-009
2.5240000000000000E-009
2.4279999999999999E-009
2.3360000000000002E-009
2.2470000000000002E-009
2.1609999999999999E-009
2.0790000000000000E-009
2.0000000000000001E-009
1.9230000000000001E-009
1.8500000000000000E-009
1.7790000000000000E-009
1.7120000000000001E-009
1.6459999999999999E-009
1.5830000000000000E-009
1.5230000000000000E-009
1.4650000000000000E-009
1.4090000000000000E-009
1.3550000000000000E-009
1.3029999999999999E-009
1.2529999999999999E-009
1.2060000000000000E-009
1.1590000000000000E-009
1.1150000000000000E-009
1.0720000000000000E-009
1.0320000000000000E-009
9.9190000000000006E-010
9.5379999999999995E-010
9.1760000000000002E-010
8.8299999999999995E-010
8.4950000000000001E-010
8.1710000000000000E-010
7.8569999999999999E-010
7.5540000000000000E-010
7.2620000000000004E-010
6.9790000000000004E-010
6.7090000000000003E-010
6.4549999999999999E-010
6.2109999999999995E-010
5.9740000000000003E-010
5.7459999999999996E-010
5.5239999999999997E-010
5.3109999999999995E-010
5.1040000000000002E-010
4.9050000000000001E-010
4.7140000000000005E-010
4.5360000000000002E-010
4.3649999999999999E-010
4.1979999999999999E-010
4.0370000000000001E-010
3.8809999999999998E-010
3.7309999999999998E-010
3.5859999999999998E-010
3.4450000000000000E-010
3.3110000000000003E-010
3.1860000000000002E-010
3.0649999999999998E-010
2.9480000000000001E-010
2.8350000000000000E-010
2.7249999999999999E-010
2.6200000000000003E-010
2.5170000000000002E-010
2.4190000000000001E-010
2.3239999999999999E-010
2.2350000000000000E-010
2.1510000000000001E-010
2.0690000000000000E-010
1.9890000000000001E-010
1.9120000000000000E-010
1.8380000000000000E-010
1.7669999999999999E-010
1.6980000000000000E-010
1.6310000000000001E-010
1.5670000000000001E-010
1.5080000000000001E-010
1.4510000000000000E-010
1.3950000000000001E-010
1.3410000000000001E-010
1.2899999999999999E-010
1.2390000000000001E-010
1.1910000000000001E-010
1.1440000000000000E-010
1.0990000000000000E-010
1.0560000000000000E-010
1.0160000000000000E-010
9.7770000000000002E-011
9.4029999999999997E-011
9.0400000000000006E-011
8.6900000000000005E-011
8.3510000000000004E-011
8.0230000000000004E-011
7.7079999999999994E-011
7.4039999999999997E-011
7.1139999999999999E-011
6.8460000000000002E-011
6.5849999999999997E-011
6.3339999999999998E-011
6.0900000000000004E-011
5.8539999999999999E-011
5.6250000000000000E-011
5.4049999999999997E-011
5.1920000000000000E-011
4.9869999999999998E-011
4.7899999999999997E-011
4.6079999999999998E-011
4.4329999999999997E-011
4.2640000000000001E-011
4.1000000000000001E-011
3.9419999999999998E-011
3.7880000000000003E-011
3.6399999999999998E-011
3.4970000000000003E-011
3.3589999999999997E-011
3.2260000000000000E-011
3.0990000000000001E-011
2.9820000000000000E-011
2.8690000000000000E-011
2.7589999999999999E-011
2.6530000000000001E-011
2.5499999999999999E-011
2.4510000000000001E-011
2.3549999999999999E-011
2.2619999999999999E-011
2.1729999999999999E-011
2.0860000000000000E-011
2.0039999999999999E-011
1.9289999999999999E-011
1.8559999999999998E-011
1.7849999999999998E-011
1.7159999999999999E-011
1.6500000000000001E-011
1.5849999999999999E-011
1.5229999999999999E-011
1.4629999999999999E-011
1.4049999999999999E-011
1.3500000000000000E-011
1.2960000000000000E-011
1.2460000000000000E-011
1.1990000000000000E-011
1.1540000000000000E-011
1.1100000000000001E-011
1.0670000000000000E-011
1.0250000000000000E-011
9.8530000000000001E-012
9.4649999999999998E-012
9.0920000000000004E-012
8.7310000000000007E-012
8.3839999999999998E-012
8.0500000000000006E-012
7.7469999999999992E-012
7.4539999999999995E-012
7.1710000000000000E-012
6.8959999999999997E-012
6.6299999999999998E-012
6.3719999999999999E-012
6.1220000000000000E-012
5.8820000000000002E-012
5.6500000000000004E-012
5.4250000000000000E-012
5.2090000000000001E-012
5.0010000000000002E-012
4.8120000000000001E-012
4.6300000000000003E-012
4.4529999999999997E-012
4.2819999999999997E-012
4.1159999999999998E-012
3.9559999999999997E-012
3.8020000000000002E-012
3.6520000000000002E-012
3.5080000000000000E-012
3.3689999999999999E-012
3.2349999999999998E-012
3.1080000000000001E-012
2.9900000000000000E-012
2.8759999999999999E-012
2.7660000000000001E-012
2.6589999999999999E-012
2.5549999999999999E-012
2.4560000000000000E-012
2.3589999999999999E-012
2.2659999999999998E-012
2.1770000000000001E-012
2.0900000000000002E-012
2.0090000000000000E-012
1.9329999999999999E-012
1.8580000000000000E-012
1.7870000000000000E-012
1.7170000000000001E-012
1.6500000000000000E-012
1.5859999999999999E-012
1.5230000000000001E-012
1.4629999999999999E-012
1.4060000000000001E-012
1.3520000000000001E-012
1.2999999999999999E-012
1.2499999999999999E-012
1.2010000000000000E-012
1.1539999999999999E-012
1.1090000000000000E-012
1.0650000000000000E-012
1.0240000000000001E-012
9.8460000000000007E-013
9.4650000000000006E-013
9.0980000000000002E-013
8.7430000000000002E-013
8.4029999999999996E-013
8.0739999999999997E-013
7.7600000000000003E-013
7.4629999999999996E-013
7.1750000000000002E-013
6.8980000000000005E-013
6.6290000000000003E-013
6.3700000000000001E-013
6.1200000000000002E-013
5.8790000000000005E-013
5.6570000000000000E-013
5.4430000000000001E-013
5.2339999999999997E-013
5.0329999999999999E-013
4.8380000000000002E-013
4.6500000000000004E-013
4.4680000000000002E-013
4.2930000000000000E-013
4.1239999999999999E-013
3.9620000000000002E-013
3.8049999999999999E-013
3.6570000000000000E-013
3.5179999999999998E-013
3.3829999999999998E-013
3.2529999999999999E-013
3.1270000000000002E-013
3.0040000000000001E-013
2.8870000000000002E-013
2.7729999999999999E-013
2.6649999999999998E-013
2.5659999999999999E-013
2.4700000000000001E-013
2.3769999999999999E-013
2.2860000000000001E-013
2.1990000000000000E-013
2.1139999999999999E-013
2.0309999999999999E-013
1.9519999999999999E-013
1.8750000000000001E-013
1.8010000000000001E-013
1.7290000000000000E-013
1.6600000000000000E-013
1.5929999999999999E-013
1.5340000000000001E-013
1.4769999999999999E-013
1.4219999999999999E-013
1.3690000000000000E-013
1.3170000000000001E-013
1.2660000000000001E-013
1.2170000000000000E-013
1.1700000000000001E-013
1.1240000000000001E-013
1.0799999999999999E-013
1.0370000000000000E-013
9.9610000000000004E-014
9.5630000000000005E-014
9.1790000000000006E-014
8.8110000000000003E-014
8.4880000000000000E-014
8.1740000000000001E-014
7.8699999999999995E-014
7.5740000000000001E-014
7.2869999999999996E-014
7.0089999999999995E-014
6.7379999999999999E-014
6.4780000000000003E-014
6.2250000000000000E-014
5.9799999999999995E-014
5.7440000000000006E-014
5.5149999999999997E-014
5.2949999999999998E-014
5.0819999999999998E-014
4.8759999999999999E-014
4.6930000000000002E-014
4.5209999999999997E-014
4.3540000000000003E-014
4.1920000000000000E-014
4.0340000000000002E-014
3.8810000000000001E-014
3.7329999999999997E-014
3.5889999999999999E-014
3.4490000000000000E-014
3.3150000000000003E-014
3.1840000000000000E-014
3.0580000000000001E-014
2.9369999999999999E-014
2.8190000000000001E-014
2.7060000000000000E-014
2.5960000000000001E-014
2.4980000000000001E-014
2.4069999999999999E-014
2.3179999999999999E-014
2.2320000000000000E-014
2.1489999999999999E-014
2.0680000000000000E-014
1.9890000000000001E-014
1.9130000000000000E-014
1.8390000000000001E-014
1.7669999999999999E-014
1.6980000000000001E-014
1.6309999999999999E-014
1.5660000000000000E-014
1.5040000000000001E-014
1.4430000000000001E-014
1.3850000000000001E-014
1.3280000000000000E-014
1.2800000000000000E-014
1.2330000000000000E-014
1.1880000000000001E-014
1.1440000000000000E-014
1.1010000000000000E-014
1.0600000000000000E-014
1.0190000000000000E-014
9.8009999999999997E-015
9.4230000000000003E-015
9.0570000000000002E-015
8.7019999999999998E-015
8.3590000000000003E-015
8.0280000000000003E-015
7.7070000000000000E-015
7.3990000000000005E-015
7.1019999999999998E-015
6.8130000000000001E-015
6.5529999999999998E-015
6.3120000000000000E-015
6.0779999999999998E-015
5.8519999999999996E-015
5.6310000000000002E-015
5.4180000000000001E-015
5.2109999999999997E-015
5.0110000000000004E-015
4.8170000000000000E-015
4.6299999999999999E-015
4.4479999999999997E-015
4.2729999999999998E-015
4.1039999999999996E-015
3.9409999999999999E-015
3.7849999999999998E-015
3.6329999999999997E-015
3.4940000000000000E-015
3.3639999999999998E-015
3.2369999999999999E-015
3.1149999999999999E-015
2.9970000000000000E-015
2.8819999999999999E-015
2.7709999999999999E-015
2.6630000000000001E-015
2.5600000000000002E-015
2.4600000000000001E-015
2.3629999999999999E-015
2.2710000000000000E-015
2.1810000000000001E-015
2.0960000000000001E-015
2.0169999999999998E-015
1.9410000000000002E-015
1.8670000000000002E-015
1.7950000000000002E-015
1.7260000000000000E-015
1.6589999999999999E-015
1.5950000000000001E-015
1.5330000000000001E-015
1.4730000000000001E-015
1.4159999999999999E-015
1.3620000000000000E-015
1.3100000000000000E-015
1.2600000000000000E-015
1.2110000000000000E-015
1.1650000000000000E-015
1.1200000000000001E-015
1.0759999999999999E-015
1.0350000000000001E-015
9.9530000000000002E-016
9.5730000000000000E-016
9.2060000000000001E-016
8.8519999999999997E-016
8.5100000000000002E-016
8.1810000000000002E-016
7.8640000000000002E-016
7.5610000000000000E-016
7.2719999999999996E-016
6.9939999999999999E-016
6.7260000000000002E-016
6.4660000000000000E-016
6.2159999999999998E-016
5.9779999999999997E-016
5.7519999999999996E-016
5.5330000000000004E-016
5.3210000000000001E-016
5.1170000000000001E-016
4.9189999999999997E-016
4.7280000000000001E-016
4.5449999999999999E-016
4.3690000000000001E-016
4.2049999999999998E-016
4.0460000000000001E-016
3.8919999999999999E-016
3.7439999999999998E-016
3.5999999999999998E-016
3.4609999999999999E-016
3.3270000000000001E-016
3.1979999999999999E-016
3.0729999999999998E-016
2.9539999999999998E-016
2.8430000000000000E-016
2.7360000000000000E-016
2.6320000000000002E-016
2.5320000000000000E-016
2.4350000000000001E-016
2.3410000000000000E-016
2.2500000000000001E-016
2.1630000000000001E-016
2.0779999999999999E-016
1.9980000000000001E-016
1.9229999999999999E-016
1.8500000000000000E-016
1.7800000000000001E-016
1.7120000000000000E-016
1.6460000000000000E-016
1.5830000000000000E-016
1.5219999999999999E-016
1.4630000000000001E-016
1.4060000000000001E-016
1.3509999999999999E-016
1.2999999999999999E-016
1.2510000000000000E-016
1.2030000000000000E-016
1.1570000000000001E-016
1.1130000000000000E-016
1.0700000000000000E-016
1.0280000000000000E-016
9.8880000000000004E-017
9.5150000000000003E-017
9.1540000000000004E-017
8.8049999999999996E-017
8.4680000000000002E-017
8.1429999999999999E-017
7.8289999999999999E-017
7.5250000000000002E-017
7.2370000000000005E-017
6.9659999999999994E-017
6.7040000000000001E-017
6.4500000000000000E-017
6.2050000000000005E-017
5.9670000000000004E-017
5.7379999999999995E-017
5.5169999999999998E-017
5.3030000000000002E-017
5.0969999999999999E-017
4.8980000000000003E-017
4.7120000000000002E-017
4.5350000000000000E-017
4.3639999999999999E-017
4.1980000000000000E-017
4.0369999999999997E-017
3.8820000000000001E-017
3.7330000000000001E-017
3.5890000000000002E-017
3.4490000000000001E-017
3.3169999999999998E-017
3.1940000000000001E-017
3.0740000000000001E-017
2.9579999999999998E-017
2.8459999999999998E-017
2.7370000000000002E-017
2.6309999999999999E-017
2.5299999999999999E-017
2.4310000000000001E-017
2.3350000000000000E-017
2.2490000000000000E-017
2.1679999999999999E-017
2.0900000000000001E-017
2.0130000000000000E-017
1.9389999999999999E-017
1.8670000000000000E-017
1.7969999999999999E-017
1.7299999999999999E-017
1.6640000000000001E-017
1.6000000000000001E-017
1.5380000000000000E-017
1.4780000000000000E-017
1.4210000000000001E-017
1.3650000000000001E-017
1.3100000000000000E-017
1.2579999999999999E-017
1.2080000000000000E-017
1.1590000000000001E-017
1.1150000000000000E-017
1.0750000000000001E-017
1.0350000000000000E-017
9.9710000000000003E-018
9.6010000000000000E-018
9.2410000000000004E-018
8.8930000000000004E-018
8.5549999999999995E-018
8.2289999999999999E-018
7.9139999999999996E-018
7.6079999999999999E-018
7.3129999999999995E-018
7.0279999999999999E-018
6.7530000000000002E-018
6.4889999999999999E-018
6.2340000000000001E-018
5.9890000000000003E-018
5.7530000000000001E-018
5.5310000000000001E-018
5.3240000000000003E-018
5.1229999999999996E-018
4.9289999999999997E-018
4.7409999999999997E-018
4.5590000000000002E-018
4.3839999999999999E-018
4.2159999999999998E-018
4.0519999999999997E-018
3.8970000000000001E-018
3.7510000000000003E-018
3.6100000000000001E-018
3.4729999999999999E-018
3.3410000000000002E-018
3.2130000000000002E-018
3.0900000000000001E-018
2.9709999999999998E-018
2.8560000000000001E-018
2.7450000000000000E-018
2.6430000000000001E-018
2.5429999999999999E-018
2.4470000000000002E-018
2.3540000000000000E-018
2.2640000000000000E-018
2.1770000000000000E-018
2.0930000000000000E-018
2.0130000000000000E-018
1.9339999999999999E-018
1.8620000000000002E-018
1.7920000000000002E-018
1.7240000000000000E-018
1.6590000000000000E-018
1.5960000000000000E-018
1.5340000000000001E-018
1.4760000000000001E-018
1.4189999999999999E-018
1.3640000000000000E-018
1.3120000000000000E-018
1.2619999999999999E-018
1.2150000000000001E-018
1.1689999999999999E-018
1.1250000000000000E-018
1.0819999999999999E-018
1.0400000000000001E-018
1.0000000000000001E-018
9.6150000000000005E-019
9.2409999999999996E-019
8.9239999999999997E-019
8.6500000000000002E-019
8.3709999999999996E-019
8.0889999999999999E-019
7.8020000000000000E-019
7.5109999999999999E-019
7.2159999999999998E-019
6.9170000000000004E-019
6.6150000000000000E-019
6.3070000000000004E-019
5.9129999999999999E-019
5.3680000000000001E-019
4.8490000000000002E-019
4.3570000000000002E-019
3.8930000000000002E-019
3.4540000000000001E-019
3.0409999999999998E-019
2.6530000000000000E-019
2.2899999999999999E-019
1.9530000000000001E-019
1.6390000000000000E-019
1.3500000000000000E-019
1.0840000000000000E-019
8.4189999999999997E-020
6.2260000000000001E-020
4.2609999999999999E-020
2.5179999999999999E-020
9.9640000000000002E-021
0.0000000000000000
0.0000000000000000
0.0000000000000000
0.0000000000000000
0.0000000000000000
0.0000000000000000
0.0000000000000000
0.0000000000000000
0.0000000000000000
0.0000000000000000
0.0000000000000000
0.0000000000000000
0.0000000000000000
0.0000000000000000
0.0000000000000000
0.0000000000000000
0.0000000000000000
0.0000000000000000
0.0000000000000000
0.0000000000000000
0.0000000000000000
0.0000000000000000
0.0000000000000000
0.0000000000000000
0.0000000000000000
0.0000000000000000
0.0000000000000000
0.0000000000000000
0.0000000000000000
0.0000000000000000
0.0000000000000000
0.0000000000000000
0.0000000000000000
0.0000000000000000
0.0000000000000000
0.0000000000000000
0.0000000000000000
0.0000000000000000
0.0000000000000000
0.0000000000000000
0.0000000000000000
0.0000000000000000
0.0000000000000000
0.0000000000000000
0.0000000000000000
0.0000000000000000
0.0000000000000000
0.0000000000000000