3.8820000000000000E-007
1.1370000000000001E-006
1.8860000000000000E-006
2.9069999999999999E-006
4.3359999999999997E-006
6.0499999999999997E-006
8.0499999999999992E-006
1.0329999999999999E-005
1.2900000000000000E-005
1.5750000000000000E-005
1.8890000000000000E-005
2.2310000000000002E-005
2.6010000000000000E-005
3.0000000000000001E-005
3.4260000000000001E-005
3.8810000000000003E-005
4.3640000000000002E-005
4.8739999999999998E-005
5.4129999999999998E-005
5.9790000000000002E-005
6.5740000000000004E-005
7.1950000000000001E-005
7.8449999999999996E-005
8.5210000000000006E-005
9.2250000000000006E-005
9.9569999999999997E-005
1.0720000000000000E-004
1.1500000000000000E-004
1.2310000000000001E-004
1.3150000000000000E-004
1.4019999999999999E-004
1.4909999999999999E-004
1.5830000000000000E-004
1.6770000000000001E-004
1.7750000000000000E-004
1.8740000000000000E-004
1.9770000000000001E-004
2.0809999999999999E-004
2.1890000000000001E-004
2.2990000000000000E-004
2.4110000000000001E-004
2.5260000000000001E-004
2.6439999999999998E-004
2.7629999999999999E-004
2.8860000000000002E-004
3.0110000000000000E-004
3.1379999999999998E-004
3.2670000000000003E-004
3.3990000000000002E-004
3.5330000000000002E-004
3.6699999999999998E-004
3.8089999999999999E-004
3.9500000000000001E-004
4.0929999999999997E-004
4.2390000000000000E-004
4.3869999999999998E-004
4.5370000000000002E-004
4.6890000000000001E-004
4.8430000000000001E-004
4.9989999999999995E-004
5.1579999999999996E-004
5.3180000000000002E-004
5.4810000000000004E-004
5.6450000000000001E-004
5.8120000000000003E-004
5.9800000000000001E-004
6.1499999999999999E-004
6.3230000000000003E-004
6.4970000000000002E-004
6.6719999999999995E-004
6.8499999999999995E-004
7.0290000000000001E-004
7.2099999999999996E-004
7.3930000000000003E-004
7.5779999999999999E-004
7.7640000000000001E-004
7.9509999999999997E-004
8.1410000000000000E-004
8.3310000000000003E-004
8.5240000000000001E-004
8.7169999999999999E-004
8.9119999999999998E-004
9.1089999999999997E-004
9.3070000000000002E-004
9.5060000000000001E-004
9.7059999999999996E-004
9.9080000000000001E-004
1.0110000000000000E-003
1.0310000000000000E-003
1.0520000000000000E-003
1.0730000000000000E-003
1.0930000000000000E-003
1.1140000000000000E-003
1.1349999999999999E-003
1.1559999999999999E-003
1.1770000000000001E-003
1.1980000000000001E-003
1.2199999999999999E-003
1.2409999999999999E-003
1.2630000000000000E-003
1.2840000000000000E-003
1.3050000000000000E-003
1.3270000000000001E-003
1.3489999999999999E-003
1.3710000000000000E-003
1.3920000000000000E-003
1.4139999999999999E-003
1.4360000000000000E-003
1.4580000000000001E-003
1.4800000000000000E-003
1.5020000000000001E-003
1.5240000000000000E-003
1.5460000000000001E-003
1.5679999999999999E-003
1.5900000000000001E-003
1.6119999999999999E-003
1.6340000000000000E-003
1.6559999999999999E-003
1.6780000000000000E-003
1.6999999999999999E-003
1.7220000000000000E-003
1.7440000000000001E-003
1.7660000000000000E-003
1.7880000000000001E-003
1.8100000000000000E-003
1.8320000000000001E-003
1.8540000000000000E-003
1.8760000000000001E-003
1.8970000000000000E-003
1.9189999999999999E-003
1.9410000000000000E-003
1.9620000000000002E-003
1.9840000000000001E-003
2.0049999999999998E-003
2.0270000000000002E-003
2.0479999999999999E-003
2.0690000000000001E-003
2.0899999999999998E-003
2.1110000000000000E-003
2.1320000000000002E-003
2.1530000000000000E-003
2.1740000000000002E-003
2.1949999999999999E-003
2.2150000000000000E-003
2.2360000000000001E-003
2.2560000000000002E-003
2.2759999999999998E-003
2.2959999999999999E-003
2.3159999999999999E-003
2.3360000000000000E-003
2.3560000000000000E-003
2.3749999999999999E-003
2.3950000000000000E-003
2.4139999999999999E-003
2.4329999999999998E-003
2.4520000000000002E-003
2.4710000000000001E-003
2.4900000000000000E-003
2.5079999999999998E-003
2.5270000000000002E-003
2.5450000000000000E-003
2.5630000000000002E-003
2.5810000000000000E-003
2.5990000000000002E-003
2.6159999999999998E-003
2.6340000000000001E-003
2.6510000000000001E-003
2.6679999999999998E-003
2.6849999999999999E-003
2.7009999999999998E-003
2.7179999999999999E-003
2.7339999999999999E-003
2.7499999999999998E-003
2.7659999999999998E-003
2.7820000000000002E-003
2.7970000000000000E-003
2.8119999999999998E-003
2.8270000000000001E-003
2.8419999999999999E-003
2.8570000000000002E-003
2.8709999999999999E-003
2.8850000000000000E-003
2.8990000000000001E-003
2.9129999999999998E-003
2.9269999999999999E-003
2.9399999999999999E-003
2.9529999999999999E-003
2.9659999999999999E-003
2.9780000000000002E-003
2.9910000000000002E-003
3.0030000000000000E-003
3.0149999999999999E-003
3.0270000000000002E-003
3.0379999999999999E-003
3.0490000000000001E-003
3.0599999999999998E-003
3.0709999999999999E-003
3.0820000000000001E-003
3.0920000000000001E-003
3.1020000000000002E-003
3.1120000000000002E-003
3.1220000000000002E-003
3.1310000000000001E-003
3.1400000000000000E-003
3.1489999999999999E-003
3.1570000000000001E-003
3.1660000000000000E-003
3.1740000000000002E-003
3.1819999999999999E-003
3.1890000000000000E-003
3.1970000000000002E-003
3.2039999999999998E-003
3.2109999999999999E-003
3.2179999999999999E-003
3.2239999999999999E-003
3.2299999999999998E-003
3.2360000000000002E-003
3.2420000000000001E-003
3.2469999999999999E-003
3.2520000000000001E-003
3.2569999999999999E-003
3.2620000000000001E-003
3.2659999999999998E-003
3.2710000000000000E-003
3.2750000000000001E-003
3.2780000000000001E-003
3.2820000000000002E-003
3.2850000000000002E-003
3.2880000000000001E-003
3.2910000000000001E-003
3.2929999999999999E-003
3.2959999999999999E-003
3.2980000000000002E-003
3.2989999999999998E-003
3.3010000000000001E-003
3.3019999999999998E-003
3.3029999999999999E-003
3.3040000000000001E-003
3.3050000000000002E-003
3.3050000000000002E-003
3.3059999999999999E-003
3.3059999999999999E-003
3.3050000000000002E-003
3.3050000000000002E-003
3.3040000000000001E-003
3.3029999999999999E-003
3.3019999999999998E-003
3.3010000000000001E-003
3.2989999999999998E-003
3.2970000000000000E-003
3.2950000000000002E-003
3.2929999999999999E-003
3.2900000000000000E-003
3.2880000000000001E-003
3.2850000000000002E-003
3.2820000000000002E-003
3.2789999999999998E-003
3.2750000000000001E-003
3.2710000000000000E-003
3.2669999999999999E-003
3.2629999999999998E-003
3.2590000000000002E-003
3.2539999999999999E-003
3.2499999999999999E-003
3.2450000000000001E-003
3.2399999999999998E-003
3.2350000000000000E-003
3.2290000000000001E-003
3.2239999999999999E-003
3.2179999999999999E-003
3.2120000000000000E-003
3.2060000000000001E-003
3.1990000000000000E-003
3.1930000000000001E-003
3.1860000000000000E-003
3.1790000000000000E-003
3.1719999999999999E-003
3.1649999999999998E-003
3.1580000000000002E-003
3.1500000000000000E-003
3.1419999999999998E-003
3.1350000000000002E-003
3.1270000000000000E-003
3.1180000000000001E-003
3.1099999999999999E-003
3.1020000000000002E-003
3.0929999999999998E-003
3.0839999999999999E-003
3.0760000000000002E-003
3.0669999999999998E-003
3.0569999999999998E-003
3.0479999999999999E-003
3.0390000000000000E-003
3.0290000000000000E-003
3.0200000000000001E-003
3.0100000000000001E-003
3.0000000000000001E-003
2.9900000000000000E-003
2.9800000000000000E-003
2.9689999999999999E-003
2.9589999999999998E-003
2.9480000000000001E-003
2.9380000000000001E-003
2.9269999999999999E-003
2.9160000000000002E-003
2.9050000000000000E-003
2.8939999999999999E-003
2.8830000000000001E-003
2.8720000000000000E-003
2.8600000000000001E-003
2.8490000000000000E-003
2.8370000000000001E-003
2.8260000000000000E-003
2.8140000000000001E-003
2.8019999999999998E-003
2.7899999999999999E-003
2.7780000000000001E-003
2.7659999999999998E-003
2.7539999999999999E-003
2.7420000000000001E-003
2.7299999999999998E-003
2.7169999999999998E-003
2.7049999999999999E-003
2.6919999999999999E-003
2.6800000000000001E-003
2.6670000000000001E-003
2.6540000000000001E-003
2.6419999999999998E-003
2.6289999999999998E-003
2.6159999999999998E-003
2.6029999999999998E-003
2.5899999999999999E-003
2.5769999999999999E-003
2.5639999999999999E-003
2.5509999999999999E-003
2.5379999999999999E-003
2.5249999999999999E-003
2.5110000000000002E-003
2.4979999999999998E-003
2.4849999999999998E-003
2.4710000000000001E-003
2.4580000000000001E-003
2.4450000000000001E-003
2.4310000000000000E-003
2.4180000000000000E-003
2.4039999999999999E-003
2.3909999999999999E-003
2.3770000000000002E-003
2.3630000000000001E-003
2.3500000000000001E-003
2.3360000000000000E-003
2.3230000000000000E-003
2.3089999999999999E-003
2.2950000000000002E-003
2.2820000000000002E-003
2.2680000000000001E-003
2.2539999999999999E-003
2.2409999999999999E-003
2.2269999999999998E-003
2.2130000000000001E-003
2.2000000000000001E-003
2.1860000000000000E-003
2.1719999999999999E-003
2.1589999999999999E-003
2.1450000000000002E-003
2.1310000000000001E-003
2.1180000000000001E-003
2.1040000000000000E-003
2.0899999999999998E-003
2.0769999999999999E-003
2.0630000000000002E-003
2.0490000000000000E-003
2.0360000000000000E-003
2.0219999999999999E-003
2.0089999999999999E-003
1.9949999999999998E-003
1.9810000000000001E-003
1.9680000000000001E-003
1.9540000000000000E-003
1.9410000000000000E-003
1.9280000000000000E-003
1.9139999999999999E-003
1.9009999999999999E-003
1.8870000000000000E-003
1.8740000000000000E-003
1.8610000000000000E-003
1.8480000000000000E-003
1.8339999999999999E-003
1.8209999999999999E-003
1.8079999999999999E-003
1.7949999999999999E-003
1.7819999999999999E-003
1.7680000000000000E-003
1.7550000000000000E-003
1.7420000000000001E-003
1.7290000000000001E-003
1.7170000000000000E-003
1.7040000000000000E-003
1.6910000000000000E-003
1.6780000000000000E-003
1.6650000000000000E-003
1.6530000000000000E-003
1.6400000000000000E-003
1.6270000000000000E-003
1.6149999999999999E-003
1.6019999999999999E-003
1.5900000000000001E-003
1.5770000000000001E-003
1.5650000000000000E-003
1.5520000000000000E-003
1.5399999999999999E-003
1.5280000000000001E-003
1.5160000000000000E-003
1.5039999999999999E-003
1.4909999999999999E-003
1.4790000000000001E-003
1.4670000000000000E-003
1.4549999999999999E-003
1.4440000000000000E-003
1.4319999999999999E-003
1.4200000000000000E-003
1.4080000000000000E-003
1.3970000000000000E-003
1.3849999999999999E-003
1.3730000000000001E-003
1.3619999999999999E-003
1.3510000000000000E-003
1.3389999999999999E-003
1.3280000000000000E-003
1.3170000000000000E-003
1.3050000000000000E-003
1.2940000000000000E-003
1.2830000000000001E-003
1.2719999999999999E-003
1.2610000000000000E-003
1.2500000000000000E-003
1.2390000000000001E-003
1.2290000000000001E-003
1.2179999999999999E-003
1.2070000000000000E-003
1.1969999999999999E-003
1.1860000000000000E-003
1.1750000000000000E-003
1.1650000000000000E-003
1.1550000000000000E-003
1.1440000000000001E-003
1.1340000000000000E-003
1.1240000000000000E-003
1.1140000000000000E-003
1.1039999999999999E-003
1.0939999999999999E-003
1.0839999999999999E-003
1.0740000000000001E-003
1.0640000000000001E-003
1.0540000000000000E-003
1.0449999999999999E-003
1.0349999999999999E-003
1.0250000000000001E-003
1.0160000000000000E-003
1.0070000000000001E-003
9.9709999999999990E-004
9.8780000000000005E-004
9.7860000000000004E-004
9.6929999999999998E-004
9.6020000000000003E-004
9.5120000000000003E-004
9.4209999999999997E-004
9.3320000000000002E-004
9.2429999999999997E-004
9.1549999999999997E-004
9.0680000000000003E-004
8.9800000000000004E-004
8.8940000000000004E-004
8.8080000000000005E-004
8.7230000000000001E-004
8.6390000000000002E-004
8.5550000000000003E-004
8.4719999999999999E-004
8.3889999999999995E-004
8.3069999999999997E-004
8.2260000000000005E-004
8.1450000000000001E-004
8.0639999999999998E-004
7.9849999999999995E-004
7.9060000000000003E-004
7.8270000000000000E-004
7.7499999999999997E-004
7.6729999999999995E-004
7.5960000000000003E-004
7.5199999999999996E-004
7.4450000000000004E-004
7.3700000000000002E-004
7.2959999999999995E-004
7.2219999999999999E-004
7.1489999999999998E-004
7.0770000000000002E-004
7.0049999999999995E-004
6.9340000000000005E-004
6.8619999999999998E-004
6.7929999999999998E-004
6.7230000000000002E-004
6.6540000000000002E-004
6.5859999999999996E-004
6.5180000000000001E-004
6.4499999999999996E-004
6.3840000000000001E-004
6.3170000000000001E-004
6.2520000000000002E-004
6.1870000000000002E-004
6.1220000000000003E-004
6.0590000000000004E-004
5.9949999999999999E-004
5.9320000000000000E-004
5.8699999999999996E-004
5.8080000000000002E-004
5.7470000000000004E-004
5.6860000000000005E-004
5.6260000000000001E-004
5.5659999999999998E-004
5.5070000000000000E-004
5.4480000000000002E-004
5.3899999999999998E-004
5.3330000000000001E-004
5.2760000000000003E-004
5.2189999999999995E-004
5.1630000000000003E-004
5.1079999999999995E-004
5.0529999999999998E-004
4.9980000000000001E-004
4.9439999999999998E-004
4.8899999999999996E-004
4.8369999999999999E-004
4.7849999999999998E-004
4.7330000000000001E-004
4.6809999999999999E-004
4.6299999999999998E-004
4.5790000000000002E-004
4.5290000000000000E-004
4.4799999999999999E-004
4.4299999999999998E-004
4.3810000000000002E-004
4.3330000000000002E-004
4.2850000000000001E-004
4.2380000000000000E-004
4.1910000000000000E-004
4.1439999999999999E-004
4.0979999999999999E-004
4.0519999999999998E-004
4.0069999999999998E-004
3.9629999999999998E-004
3.9179999999999998E-004
3.8749999999999999E-004
3.8309999999999999E-004
3.7879999999999999E-004
3.7450000000000000E-004
3.7030000000000000E-004
3.6620000000000001E-004
3.6200000000000002E-004
3.5790000000000003E-004
3.5389999999999998E-004
3.4989999999999999E-004
3.4590000000000001E-004
3.4190000000000002E-004
3.3799999999999998E-004
3.3419999999999999E-004
3.3040000000000001E-004
3.2660000000000002E-004
3.2289999999999999E-004
3.1920000000000001E-004
3.1550000000000003E-004
3.1189999999999999E-004
3.0830000000000001E-004
3.0469999999999998E-004
3.0120000000000000E-004
2.9770000000000003E-004
2.9430000000000000E-004
2.9090000000000002E-004
2.8750000000000000E-004
2.8420000000000002E-004
2.8079999999999999E-004
2.7760000000000003E-004
2.7430000000000000E-004
2.7109999999999998E-004
2.6800000000000001E-004
2.6479999999999999E-004
2.6170000000000002E-004
2.5870000000000000E-004
2.5559999999999998E-004
2.5260000000000001E-004
2.4960000000000000E-004
2.4669999999999998E-004
2.4379999999999999E-004
2.4090000000000000E-004
2.3809999999999999E-004
2.3520000000000000E-004
2.3250000000000001E-004
2.2970000000000000E-004
2.2699999999999999E-004
2.2430000000000000E-004
2.2159999999999999E-004
2.1900000000000001E-004
2.1630000000000000E-004
2.1379999999999999E-004
2.1120000000000001E-004
2.0870000000000000E-004
2.0620000000000000E-004
2.0369999999999999E-004
2.0120000000000001E-004
1.9880000000000001E-004
1.9640000000000000E-004
1.9410000000000000E-004
1.9170000000000000E-004
1.8940000000000000E-004
1.8709999999999999E-004
1.8489999999999999E-004
1.8259999999999999E-004
1.8039999999999999E-004
1.7819999999999999E-004
1.7610000000000000E-004
1.7390000000000000E-004
1.7180000000000000E-004
1.6970000000000000E-004
1.6760000000000001E-004
1.6559999999999999E-004
1.6359999999999999E-004
1.6160000000000000E-004
1.5960000000000000E-004
1.5760000000000001E-004
1.5569999999999999E-004
1.5380000000000000E-004
1.5190000000000001E-004
1.4999999999999999E-004
1.4820000000000000E-004
1.4640000000000001E-004
1.4459999999999999E-004
1.4280000000000000E-004
1.4100000000000001E-004
1.3930000000000000E-004
1.3750000000000001E-004
1.3590000000000000E-004
1.3420000000000001E-004
1.3250000000000000E-004
1.3090000000000001E-004
1.2930000000000000E-004
1.2760000000000001E-004
1.2610000000000000E-004
1.2449999999999999E-004
1.2290000000000001E-004
1.2140000000000000E-004
1.1990000000000000E-004
1.1840000000000000E-004
1.1690000000000000E-004
1.1550000000000000E-004
1.1400000000000001E-004
1.1260000000000000E-004
1.1120000000000001E-004
1.0980000000000000E-004
1.0840000000000001E-004
1.0700000000000000E-004
1.0569999999999999E-004
1.0440000000000000E-004
1.0310000000000000E-004
1.0179999999999999E-004
1.0050000000000000E-004
9.9199999999999999E-005
9.7949999999999996E-005
9.6700000000000006E-005
9.5480000000000001E-005
9.4279999999999999E-005
9.3079999999999997E-005
9.1920000000000001E-005
9.0740000000000002E-005
8.9599999999999996E-005
8.8460000000000003E-005
8.7340000000000001E-005
8.6230000000000006E-005
8.5130000000000007E-005
8.4040000000000002E-005
8.2970000000000000E-005
8.1920000000000002E-005
8.0879999999999998E-005
7.9850000000000003E-005
7.8830000000000002E-005
7.7819999999999997E-005
7.6829999999999995E-005
7.5850000000000001E-005
7.4870000000000007E-005
7.3919999999999997E-005
7.2960000000000006E-005
7.2030000000000000E-005
7.1119999999999997E-005
7.0209999999999994E-005
6.9300000000000004E-005
6.8410000000000004E-005
6.7539999999999994E-005
6.6669999999999997E-005
6.5809999999999995E-005
6.4960000000000001E-005
6.4120000000000003E-005
6.3299999999999994E-005
6.2479999999999998E-005
6.1680000000000006E-005
6.0890000000000001E-005
6.0099999999999997E-005
5.9320000000000001E-005
5.8560000000000002E-005
5.7800000000000002E-005
5.7049999999999998E-005
5.6310000000000001E-005
5.5580000000000000E-005
5.4860000000000000E-005
5.4150000000000002E-005
5.3449999999999998E-005
5.2760000000000003E-005
5.2080000000000003E-005
5.1400000000000003E-005
5.0729999999999997E-005
5.0070000000000000E-005
4.9419999999999998E-005
4.8779999999999997E-005
4.8140000000000003E-005
4.7519999999999999E-005
4.6900000000000002E-005
4.6289999999999999E-005
4.5680000000000003E-005
4.5089999999999997E-005
4.4499999999999997E-005
4.3920000000000000E-005
4.3350000000000003E-005
4.2780000000000000E-005
4.2219999999999999E-005
4.1669999999999999E-005
4.1119999999999999E-005
4.0580000000000001E-005
4.0049999999999998E-005
3.9530000000000003E-005
3.9010000000000001E-005
3.8500000000000001E-005
3.8000000000000002E-005
3.7499999999999997E-005
3.7010000000000000E-005
3.6520000000000003E-005
3.6040000000000001E-005
3.5570000000000000E-005
3.5099999999999999E-005
3.4640000000000000E-005
3.4180000000000001E-005
3.3729999999999997E-005
3.3290000000000001E-005
3.2849999999999999E-005
3.2419999999999998E-005
3.1989999999999997E-005
3.1569999999999998E-005
3.1149999999999998E-005
3.0740000000000000E-005
3.0340000000000001E-005
2.9940000000000001E-005
2.9539999999999998E-005
2.9150000000000000E-005
2.8770000000000001E-005
2.8390000000000001E-005
2.8010000000000001E-005
2.7640000000000000E-005
2.7280000000000000E-005
2.6910000000000002E-005
2.6560000000000000E-005
2.6210000000000001E-005
2.5860000000000000E-005
2.5520000000000000E-005
2.5179999999999999E-005
2.4839999999999999E-005
2.4519999999999999E-005
2.4190000000000000E-005
2.3870000000000000E-005
2.3550000000000000E-005
2.3240000000000001E-005
2.2929999999999999E-005
2.2629999999999998E-005
2.2330000000000001E-005
2.2030000000000001E-005
2.1730000000000000E-005
2.1450000000000000E-005
2.1160000000000001E-005
2.0880000000000000E-005
2.0599999999999999E-005
2.0330000000000000E-005
2.0060000000000001E-005
1.9789999999999999E-005
1.9530000000000001E-005
1.9270000000000000E-005
1.9009999999999999E-005
1.8760000000000000E-005
1.8510000000000001E-005
1.8260000000000001E-005
1.8020000000000000E-005
1.7779999999999999E-005
1.7540000000000001E-005
1.7300000000000000E-005
1.7070000000000001E-005
1.6850000000000000E-005
1.6620000000000000E-005
1.6399999999999999E-005
1.6180000000000001E-005
1.5960000000000000E-005
1.5750000000000000E-005
1.5540000000000000E-005
1.5330000000000001E-005
1.5119999999999999E-005
1.4919999999999999E-005
1.4720000000000000E-005
1.4530000000000000E-005
1.4330000000000000E-005
1.4140000000000000E-005
1.3950000000000000E-005
1.3760000000000000E-005
1.3580000000000000E-005
1.3400000000000000E-005
1.3220000000000000E-005
1.3040000000000001E-005
1.2870000000000000E-005
1.2690000000000000E-005
1.2520000000000000E-005
1.2350000000000000E-005
1.2190000000000000E-005
1.2020000000000000E-005
1.1860000000000000E-005
1.1700000000000000E-005
1.1550000000000000E-005
1.1389999999999999E-005
1.1240000000000001E-005
1.1090000000000001E-005
1.0940000000000000E-005
1.0790000000000000E-005
1.0650000000000000E-005
1.0499999999999999E-005
1.0360000000000001E-005
1.0220000000000000E-005
1.0080000000000000E-005
9.9499999999999996E-006
9.8160000000000005E-006
9.6840000000000008E-006
9.5540000000000003E-006
9.4259999999999992E-006
9.2990000000000002E-006
9.1740000000000006E-006
9.0499999999999997E-006
8.9279999999999999E-006
8.8079999999999994E-006
8.6889999999999993E-006
8.5690000000000005E-006
8.4540000000000007E-006
8.3399999999999998E-006
8.2290000000000003E-006
8.1189999999999997E-006
8.0099999999999995E-006
7.9019999999999999E-006
7.7950000000000008E-006
7.6899999999999992E-006
7.5870000000000004E-006
7.4839999999999998E-006
7.3830000000000003E-006
7.2840000000000001E-006
7.1849999999999998E-006
7.0879999999999997E-006
6.9900000000000000E-006
6.8959999999999997E-006
6.8029999999999999E-006
6.7109999999999998E-006
6.6220000000000003E-006
6.5330000000000000E-006
6.4450000000000001E-006
6.3579999999999999E-006
6.2720000000000003E-006
6.1870000000000002E-006
6.1040000000000003E-006
6.0220000000000001E-006
5.9399999999999999E-006
5.8599999999999998E-006
5.7799999999999997E-006
5.7019999999999998E-006
5.6230000000000002E-006
5.5470000000000004E-006
5.4720000000000003E-006
5.3990000000000003E-006
5.3260000000000003E-006
5.2549999999999997E-006
5.1839999999999998E-006
5.1139999999999997E-006
5.0450000000000000E-006
4.9770000000000000E-006
4.9099999999999996E-006
4.8439999999999997E-006
4.7779999999999998E-006
4.7129999999999996E-006
4.6489999999999999E-006
4.5859999999999998E-006
4.5240000000000002E-006
4.4599999999999996E-006
4.4009999999999999E-006
4.3409999999999996E-006
4.2830000000000003E-006
4.2259999999999999E-006
4.1690000000000002E-006
4.1119999999999998E-006
4.0570000000000003E-006
4.0020000000000000E-006
3.9480000000000001E-006
3.8950000000000000E-006
3.8419999999999998E-006
3.7900000000000001E-006
3.7390000000000001E-006
3.6880000000000001E-006
3.6380000000000002E-006
3.5889999999999999E-006
3.5389999999999999E-006
3.4900000000000000E-006
3.4429999999999999E-006
3.3969999999999998E-006
3.3510000000000002E-006
3.3060000000000002E-006
3.2619999999999999E-006
3.2179999999999999E-006
3.1740000000000000E-006
3.1310000000000002E-006
3.0890000000000000E-006
3.0469999999999998E-006
3.0060000000000001E-006
2.9650000000000000E-006
2.9249999999999999E-006
2.8849999999999999E-006
2.8449999999999999E-006
2.8059999999999999E-006
2.7690000000000001E-006
2.7310000000000002E-006
2.6940000000000000E-006
2.6579999999999998E-006
2.6220000000000001E-006
2.5870000000000000E-006
2.5509999999999998E-006
2.5170000000000002E-006
2.4830000000000002E-006
2.4490000000000002E-006
2.4159999999999998E-006
2.3829999999999999E-006
2.3499999999999999E-006
2.3190000000000002E-006
2.2869999999999999E-006
2.2560000000000001E-006
2.2259999999999999E-006
2.1959999999999998E-006
2.1660000000000001E-006
2.1370000000000000E-006
2.1080000000000000E-006
2.0789999999999999E-006
2.0499999999999999E-006
2.0229999999999999E-006
1.9960000000000000E-006
1.9690000000000001E-006
1.9420000000000002E-006
1.9160000000000000E-006
1.8890000000000000E-006
1.8640000000000001E-006
1.8380000000000000E-006
1.8139999999999999E-006
1.7889999999999999E-006
1.7650000000000000E-006
1.7409999999999999E-006
1.7170000000000000E-006
1.6940000000000000E-006
1.6710000000000000E-006
1.6479999999999999E-006
1.6260000000000000E-006
1.6040000000000000E-006
1.5820000000000001E-006
1.5610000000000000E-006
1.5400000000000001E-006
1.5190000000000000E-006
1.4980000000000001E-006
1.4780000000000001E-006
1.4580000000000001E-006
1.4380000000000000E-006
1.4190000000000001E-006
1.3990000000000001E-006
1.3799999999999999E-006
1.3620000000000000E-006
1.3430000000000001E-006
1.3250000000000000E-006
1.3069999999999999E-006
1.2890000000000001E-006
1.2720000000000001E-006
1.2550000000000001E-006
1.2380000000000000E-006
1.2210000000000000E-006
1.2040000000000000E-006
1.1880000000000001E-006
1.1720000000000000E-006
1.1560000000000000E-006
1.1400000000000001E-006
1.1250000000000000E-006
1.1100000000000000E-006
1.0950000000000001E-006
1.0800000000000000E-006
1.0650000000000000E-006
1.0510000000000000E-006
1.0359999999999999E-006
1.0219999999999999E-006
1.0090000000000000E-006
9.9500000000000000E-007
9.8160000000000005E-007
9.6819999999999989E-007
9.5519999999999998E-007
9.4229999999999996E-007
9.2949999999999995E-007
9.1689999999999996E-007
9.0429999999999996E-007
8.9210000000000000E-007
8.8010000000000005E-007
8.6820000000000001E-007
8.5649999999999997E-007
8.4489999999999995E-007
8.3340000000000004E-007
8.2220000000000004E-007
8.1090000000000004E-007
7.9999999999999996E-007
7.8920000000000000E-007
7.7850000000000004E-007
7.6799999999999999E-007
7.5759999999999995E-007
7.4740000000000004E-007
7.3720000000000001E-007
7.2709999999999999E-007
7.1730000000000000E-007
7.0770000000000002E-007
6.9810000000000004E-007
6.8869999999999997E-007
6.7940000000000001E-007
6.7019999999999995E-007
6.6120000000000002E-007
6.5229999999999998E-007
6.4339999999999995E-007
6.3460000000000003E-007
6.2600000000000002E-007
6.1750000000000002E-007
6.0930000000000004E-007
6.0100000000000005E-007
5.9289999999999997E-007
5.8490000000000000E-007
5.7700000000000004E-007
5.6919999999999999E-007
5.6150000000000005E-007
5.5380000000000000E-007
5.4639999999999997E-007
5.3900000000000005E-007
5.3180000000000004E-007
5.2460000000000003E-007
5.1750000000000002E-007
5.1050000000000003E-007
5.0370000000000004E-007
4.9679999999999995E-007
4.8979999999999995E-007
4.8319999999999999E-007
4.7669999999999997E-007
4.7030000000000002E-007
4.6400000000000003E-007
4.5779999999999998E-007
4.5170000000000000E-007
4.4560000000000002E-007
4.3959999999999999E-007
4.3370000000000003E-007
4.2790000000000001E-007
4.2210000000000000E-007
4.1640000000000000E-007
4.1080000000000000E-007
4.0530000000000001E-007
3.9980000000000002E-007
3.9439999999999998E-007
3.8910000000000001E-007
3.8360000000000002E-007
3.7829999999999999E-007
3.7329999999999999E-007
3.6819999999999998E-007
3.6329999999999998E-007
3.5849999999999999E-007
3.5370000000000000E-007
3.4890000000000001E-007
3.4420000000000002E-007
3.3960000000000000E-007
3.3500000000000002E-007
3.3050000000000000E-007
3.2609999999999999E-007
3.2169999999999998E-007
3.1730000000000002E-007
3.1310000000000002E-007
3.0880000000000001E-007
3.0470000000000002E-007
3.0050000000000002E-007
2.9639999999999998E-007
2.9240000000000000E-007
2.8850000000000002E-007
2.8459999999999999E-007
2.8080000000000003E-007
2.7700000000000001E-007
2.7329999999999999E-007
2.6959999999999998E-007
2.6600000000000003E-007
2.6230000000000001E-007
2.5880000000000001E-007
2.5530000000000002E-007
2.5190000000000003E-007
2.4849999999999998E-007
2.4520000000000000E-007
2.4190000000000002E-007
2.3859999999999998E-007
2.3540000000000000E-007
2.3220000000000000E-007
2.2910000000000001E-007
2.2600000000000001E-007
2.2300000000000000E-007
2.2000000000000001E-007
2.1700000000000000E-007
2.1409999999999999E-007
2.1120000000000001E-007
2.0840000000000001E-007
2.0550000000000001E-007
2.0279999999999999E-007
2.0010000000000000E-007
1.9740000000000001E-007
1.9469999999999999E-007
1.9210000000000001E-007
1.8950000000000000E-007
1.8699999999999999E-007
1.8449999999999999E-007
1.8199999999999999E-007
1.7950000000000001E-007
1.7709999999999999E-007
1.7470000000000000E-007
1.7240000000000001E-007
1.7009999999999999E-007
1.6780000000000001E-007
1.6549999999999999E-007
1.6330000000000001E-007
1.6110000000000001E-007
1.5890000000000000E-007
1.5680000000000000E-007
1.5470000000000000E-007
1.5260000000000000E-007
1.5060000000000001E-007
1.4850000000000001E-007
1.4660000000000000E-007
1.4460000000000001E-007
1.4259999999999999E-007
1.4070000000000001E-007
1.3880000000000000E-007
1.3689999999999999E-007
1.3510000000000001E-007
1.3330000000000001E-007
1.3150000000000001E-007
1.2970000000000000E-007
1.2800000000000001E-007
1.2630000000000001E-007
1.2459999999999999E-007
1.2290000000000000E-007
1.2130000000000001E-007
1.1969999999999999E-007
1.1810000000000001E-007
1.1650000000000000E-007
1.1490000000000000E-007
1.1340000000000000E-007
1.1180000000000000E-007
1.1030000000000000E-007
1.0879999999999999E-007
1.0730000000000000E-007
1.0590000000000000E-007
1.0450000000000000E-007
1.0310000000000000E-007
1.0170000000000000E-007
1.0040000000000000E-007
9.9019999999999996E-008
9.7679999999999999E-008
9.6379999999999993E-008
9.5090000000000000E-008
9.3810000000000004E-008
9.2550000000000005E-008
9.1290000000000005E-008
9.0069999999999999E-008
8.8870000000000001E-008
8.7680000000000002E-008
8.6500000000000000E-008
8.5339999999999995E-008
8.4190000000000001E-008
8.3060000000000004E-008
8.1940000000000004E-008
8.0849999999999999E-008
7.9770000000000006E-008
7.8689999999999999E-008
7.7649999999999997E-008
7.6609999999999996E-008
7.5580000000000006E-008
7.4560000000000001E-008
7.3549999999999994E-008
7.2559999999999996E-008
7.1600000000000006E-008
7.0640000000000003E-008
6.9699999999999995E-008
6.8770000000000000E-008
6.7840000000000004E-008
6.6889999999999999E-008
6.5989999999999997E-008
6.5120000000000003E-008
6.4249999999999996E-008
6.3390000000000001E-008
6.2559999999999999E-008
6.1719999999999999E-008
6.0899999999999996E-008
6.0090000000000004E-008
5.9279999999999999E-008
5.8490000000000003E-008
5.7709999999999999E-008
5.6939999999999999E-008