4.0999999999999999E-004
8.1999999999999998E-004
1.2300000000000000E-003
1.6400000000000000E-003
2.0500000000000002E-003
2.4599999999999999E-003
2.8700000000000002E-003
3.2799999999999999E-003
3.6900000000000001E-003
4.1000000000000003E-003
4.5100000000000001E-003
4.9199999999999999E-003
5.3299999999999997E-003
5.7400000000000003E-003
6.1500000000000001E-003
6.5599999999999999E-003
6.9699999999999996E-003
7.3800000000000003E-003
7.7900000000000000E-003
8.2000000000000007E-003
8.6099999999999996E-003
9.0200000000000002E-003
9.4299999999999991E-003
9.8399999999999998E-003
1.0250000000000000E-002
1.0659999999999999E-002
1.1070000000000000E-002
1.1480000000000001E-002
1.1890000000000000E-002
1.2300000000000000E-002
1.2699999999999999E-002
1.3110000000000000E-002
1.3520000000000001E-002
1.3930000000000000E-002
1.4340000000000000E-002
1.4749999999999999E-002
1.5160000000000000E-002
1.5570000000000001E-002
1.5980000000000001E-002
1.6389999999999998E-002
1.6799999999999999E-002
1.7210000000000000E-002
1.7620000000000000E-002
1.8030000000000001E-002
1.8440000000000002E-002
1.8849999999999999E-002
1.9259999999999999E-002
1.9670000000000000E-002
2.0080000000000001E-002
2.0490000000000001E-002
2.0899999999999998E-002
2.1309999999999999E-002
2.1720000000000000E-002
2.2130000000000000E-002
2.2540000000000001E-002
2.2950000000000002E-002
2.3359999999999999E-002
2.3769999999999999E-002
2.4180000000000000E-002
2.4590000000000001E-002
2.5000000000000001E-002
2.5409999999999999E-002
2.5819999999999999E-002
2.6230000000000000E-002
2.6640000000000000E-002
2.7050000000000001E-002
2.7459999999999998E-002
2.7869999999999999E-002
2.8280000000000000E-002
2.8690000000000000E-002
2.9100000000000001E-002
2.9510000000000002E-002
2.9919999999999999E-002
3.0329999999999999E-002
3.0740000000000000E-002
3.1150000000000001E-002
3.1559999999999998E-002
3.1969999999999998E-002
3.2379999999999999E-002
3.2790000000000000E-002
3.3200000000000000E-002
3.3610000000000001E-002
3.4020000000000002E-002
3.4430000000000002E-002
3.4840000000000003E-002
3.5249999999999997E-002
3.5659999999999997E-002
3.6069999999999998E-002
3.6479999999999999E-002
3.6889999999999999E-002
3.7300000000000000E-002
3.7699999999999997E-002
3.8109999999999998E-002
3.8519999999999999E-002
3.8929999999999999E-002
3.9340000000000000E-002
3.9750000000000001E-002
4.0160000000000001E-002
4.0570000000000002E-002
4.0980000000000003E-002
4.1390000000000003E-002
4.1799999999999997E-002
4.2209999999999998E-002
4.2619999999999998E-002
4.3029999999999999E-002
4.3439999999999999E-002
4.3850000000000000E-002
4.4260000000000001E-002
4.4670000000000001E-002
4.5080000000000002E-002
4.5490000000000003E-002
4.5900000000000003E-002
4.6309999999999997E-002
4.6719999999999998E-002
4.7129999999999998E-002
4.7539999999999999E-002
4.7950000000000000E-002
4.8360000000000000E-002
4.8770000000000001E-002
4.9180000000000001E-002
4.9590000000000002E-002
5.0000000000000003E-002
5.0410000000000003E-002
5.0819999999999997E-002
5.1229999999999998E-002
5.1639999999999998E-002
5.2049999999999999E-002
5.2460000000000000E-002
5.2870000000000000E-002
5.3280000000000001E-002
5.3690000000000002E-002
5.4100000000000002E-002
5.4510000000000003E-002
5.4919999999999997E-002
5.5329999999999997E-002
5.5739999999999998E-002
5.6149999999999999E-002
5.6559999999999999E-002
5.6970000000000000E-002
5.7380000000000000E-002
5.7790000000000001E-002
5.8200000000000002E-002
5.8610000000000002E-002
5.9020000000000003E-002
5.9429999999999997E-002
5.9839999999999997E-002
6.0249999999999998E-002
6.0659999999999999E-002
6.1069999999999999E-002
6.1480000000000000E-002
6.1890000000000001E-002
6.2300000000000001E-002
6.2700000000000006E-002
6.3109999999999999E-002
6.3519999999999993E-002
6.3930000000000001E-002
6.4339999999999994E-002
6.4750000000000002E-002
6.5159999999999996E-002
6.5570000000000003E-002
6.5979999999999997E-002
6.6390000000000005E-002
6.6799999999999998E-002
6.7210000000000006E-002
6.7620000000000000E-002
6.8029999999999993E-002
6.8440000000000001E-002
6.8849999999999995E-002
6.9260000000000002E-002
6.9669999999999996E-002
7.0080000000000003E-002
7.0489999999999997E-002
7.0900000000000005E-002
7.1309999999999998E-002
7.1720000000000006E-002
7.2130000000000000E-002
7.2539999999999993E-002
7.2950000000000001E-002
7.3359999999999995E-002
7.3770000000000002E-002
7.4179999999999996E-002
7.4590000000000004E-002
7.4999999999999997E-002
7.5410000000000005E-002
7.5819999999999999E-002
7.6230000000000006E-002
7.6640000000000000E-002
7.7049999999999993E-002
7.7460000000000001E-002
7.7869999999999995E-002
7.8280000000000002E-002
7.8689999999999996E-002
7.9100000000000004E-002
7.9509999999999997E-002
7.9920000000000005E-002
8.0329999999999999E-002
8.0740000000000006E-002
8.1150000000000000E-002
8.1559999999999994E-002
8.1970000000000001E-002
8.2379999999999995E-002
8.2790000000000002E-002
8.3199999999999996E-002
8.3610000000000004E-002
8.4019999999999997E-002
8.4430000000000005E-002
8.4839999999999999E-002
8.5250000000000006E-002
8.5660000000000000E-002
8.6069999999999994E-002
8.6480000000000001E-002
8.6889999999999995E-002
8.7300000000000003E-002
8.7700000000000000E-002
8.8109999999999994E-002
8.8520000000000001E-002
8.8929999999999995E-002
8.9340000000000003E-002
8.9749999999999996E-002
9.0160000000000004E-002
9.0569999999999998E-002
9.0980000000000005E-002
9.1389999999999999E-002
9.1800000000000007E-002
9.2210000000000000E-002
9.2619999999999994E-002
9.3030000000000002E-002
9.3439999999999995E-002
9.3850000000000003E-002
9.4259999999999997E-002
9.4670000000000004E-002
9.5079999999999998E-002
9.5490000000000005E-002
9.5899999999999999E-002
9.6310000000000007E-002
9.6720000000000000E-002
9.7129999999999994E-002
9.7540000000000002E-002
9.7949999999999995E-002
9.8360000000000003E-002
9.8769999999999997E-002
9.9180000000000004E-002
9.9589999999999998E-002
0.10000000000000001
0.10041000000000000
0.10082000000000001
0.10123000000000000
0.10163999999999999
0.10205000000000000
0.10246000000000000
0.10287000000000000
0.10328000000000000
0.10369000000000000
0.10410000000000000
0.10451000000000001
0.10492000000000000
0.10532999999999999
0.10574000000000000
0.10614999999999999
0.10656000000000000
0.10697000000000000
0.10738000000000000
0.10779000000000000
0.10820000000000000
0.10861000000000000
0.10902000000000001
0.10943000000000000
0.10983999999999999
0.11025000000000000
0.11065999999999999
0.11107000000000000
0.11148000000000000
0.11189000000000000
0.11230000000000000
0.11269999999999999
0.11311000000000000
0.11352000000000000
0.11393000000000000
0.11434000000000000
0.11475000000000000
0.11516000000000000
0.11557000000000001
0.11598000000000000
0.11638999999999999
0.11680000000000000
0.11720999999999999
0.11762000000000000
0.11803000000000000
0.11844000000000000
0.11885000000000000
0.11926000000000000
0.11967000000000000
0.12008000000000001
0.12049000000000000
0.12089999999999999
0.12131000000000000
0.12171999999999999
0.12213000000000000
0.12254000000000000
0.12295000000000000
0.12336000000000000
0.12377000000000001
0.12418000000000000
0.12459000000000001
0.12500000000000000
0.12540999999999999
0.12581999999999999
0.12623000000000001
0.12664000000000000
0.12705000000000000
0.12745999999999999
0.12787000000000001
0.12828000000000001
0.12869000000000000
0.12909999999999999
0.12950999999999999
0.12992000000000001
0.13033000000000000
0.13074000000000000
0.13114999999999999
0.13156000000000001
0.13197000000000000
0.13238000000000000
0.13278999999999999
0.13320000000000001
0.13361000000000001
0.13402000000000000
0.13442999999999999
0.13483999999999999
0.13525000000000001
0.13566000000000000
0.13607000000000000
0.13647999999999999
0.13689000000000001
0.13730000000000001
0.13769999999999999
0.13811000000000001
0.13852000000000000
0.13893000000000000
0.13933999999999999
0.13975000000000001
0.14016000000000001
0.14057000000000000
0.14097999999999999
0.14138999999999999
0.14180000000000001
0.14221000000000000
0.14262000000000000
0.14302999999999999
0.14344000000000001
0.14385000000000001
0.14426000000000000
0.14466999999999999
0.14507999999999999
0.14549000000000001
0.14590000000000000
0.14631000000000000
0.14671999999999999
0.14713000000000001
0.14754000000000000
0.14795000000000000
0.14835999999999999
0.14877000000000001
0.14918000000000001
0.14959000000000000
0.14999999999999999
0.15040999999999999
0.15082000000000001
0.15123000000000000
0.15164000000000000
0.15204999999999999
0.15246000000000001
0.15287000000000001
0.15328000000000000
0.15368999999999999
0.15409999999999999
0.15451000000000001
0.15492000000000000
0.15533000000000000
0.15573999999999999
0.15615000000000001
0.15656000000000000
0.15697000000000000
0.15737999999999999
0.15779000000000001
0.15820000000000001
0.15861000000000000
0.15901999999999999
0.15942999999999999
0.15984000000000001
0.16025000000000000
0.16066000000000000
0.16106999999999999
0.16148000000000001
0.16189000000000001
0.16230000000000000
0.16270000000000001
0.16311000000000000
0.16352000000000000
0.16392999999999999
0.16434000000000001
0.16475000000000001
0.16516000000000000
0.16556999999999999
0.16597999999999999
0.16639000000000001
0.16680000000000000
0.16721000000000000
0.16761999999999999
0.16803000000000001
0.16844000000000001
0.16885000000000000
0.16925999999999999
0.16966999999999999
0.17008000000000001
0.17049000000000000
0.17090000000000000
0.17130999999999999
0.17172000000000001
0.17213000000000001
0.17254000000000000
0.17294999999999999
0.17335999999999999
0.17377000000000001
0.17418000000000000
0.17459000000000000
0.17499999999999999
0.17541000000000001
0.17582000000000000
0.17623000000000000
0.17663999999999999
0.17705000000000001
0.17746000000000001
0.17787000000000000
0.17827999999999999
0.17868999999999999
0.17910000000000001
0.17951000000000000
0.17992000000000000
0.18032999999999999
0.18074000000000001
0.18115000000000001
0.18156000000000000
0.18196999999999999
0.18237999999999999
0.18279000000000001
0.18320000000000000
0.18361000000000000
0.18401999999999999
0.18443000000000001
0.18484000000000000
0.18525000000000000
0.18565999999999999
0.18607000000000001
0.18648000000000001
0.18689000000000000
0.18729999999999999
0.18770000000000001
0.18811000000000000
0.18851999999999999
0.18892999999999999
0.18934000000000001
0.18975000000000000
0.19016000000000000
0.19056999999999999
0.19098000000000001
0.19139000000000000
0.19180000000000000
0.19220999999999999
0.19262000000000001
0.19303000000000001
0.19344000000000000
0.19384999999999999
0.19425999999999999
0.19467000000000001
0.19508000000000000
0.19549000000000000
0.19589999999999999
0.19631000000000001
0.19672000000000001
0.19713000000000000
0.19753999999999999
0.19794999999999999
0.19836000000000001
0.19877000000000000
0.19918000000000000
0.19958999999999999
0.20000000000000001
0.20041000000000000
0.20082000000000000
0.20122999999999999
0.20164000000000001
0.20205000000000001
0.20246000000000000
0.20286999999999999
0.20327999999999999
0.20369000000000001
0.20410000000000000
0.20451000000000000
0.20491999999999999
0.20533000000000001
0.20574000000000001
0.20615000000000000
0.20655999999999999
0.20696999999999999
0.20738000000000001
0.20779000000000000
0.20820000000000000
0.20860999999999999
0.20902000000000001
0.20943000000000001
0.20984000000000000
0.21024999999999999
0.21065999999999999
0.21107000000000001
0.21148000000000000
0.21189000000000000
0.21229999999999999
0.21270000000000000
0.21310999999999999
0.21351999999999999
0.21393000000000001
0.21434000000000000
0.21475000000000000
0.21515999999999999
0.21557000000000001
0.21598000000000001
0.21639000000000000
0.21679999999999999
0.21720999999999999
0.21762000000000001
0.21803000000000000
0.21844000000000000
0.21884999999999999
0.21926000000000001
0.21967000000000000
0.22008000000000000
0.22048999999999999
0.22090000000000001
0.22131000000000001
0.22172000000000000
0.22212999999999999
0.22253999999999999
0.22295000000000001
0.22336000000000000
0.22377000000000000
0.22417999999999999
0.22459000000000001
0.22500000000000001
0.22541000000000000
0.22581999999999999
0.22622999999999999
0.22664000000000001
0.22705000000000000
0.22746000000000000
0.22786999999999999
0.22828000000000001
0.22869000000000000
0.22910000000000000
0.22950999999999999
0.22992000000000001
0.23033000000000001
0.23074000000000000
0.23114999999999999
0.23155999999999999
0.23197000000000001
0.23238000000000000
0.23279000000000000
0.23319999999999999
0.23361000000000001
0.23402000000000001
0.23443000000000000
0.23483999999999999
0.23524999999999999
0.23566000000000001
0.23607000000000000
0.23648000000000000
0.23688999999999999
0.23730000000000001
0.23769999999999999
0.23810999999999999
0.23852000000000001
0.23893000000000000
0.23934000000000000
0.23974999999999999
0.24016000000000001
0.24057000000000001
0.24098000000000000
0.24138999999999999
0.24179999999999999
0.24221000000000001
0.24262000000000000
0.24303000000000000
0.24343999999999999
0.24385000000000001
0.24426000000000000
0.24467000000000000
0.24507999999999999
0.24549000000000001
0.24590000000000001
0.24631000000000000
0.24671999999999999
0.24712999999999999
0.24754000000000001
0.24795000000000000
0.24836000000000000
0.24876999999999999
0.24918000000000001
0.24959000000000001
0.25000000000000000
0.25041000000000002
0.25081999999999999
0.25123000000000001
0.25163999999999997
0.25205000000000000
0.25246000000000002
0.25286999999999998
0.25328000000000001
0.25369000000000003
0.25409999999999999
0.25451000000000001
0.25491999999999998
0.25533000000000000
0.25574000000000002
0.25614999999999999
0.25656000000000001
0.25696999999999998
0.25738000000000000
0.25779000000000002
0.25819999999999999
0.25861000000000001
0.25901999999999997
0.25942999999999999
0.25984000000000002
0.26024999999999998
0.26066000000000000
0.26107000000000002
0.26147999999999999
0.26189000000000001
0.26229999999999998
0.26269999999999999
0.26311000000000001
0.26351999999999998
0.26393000000000000
0.26434000000000002
0.26474999999999999
0.26516000000000001
0.26556999999999997
0.26597999999999999
0.26639000000000002
0.26679999999999998
0.26721000000000000
0.26762000000000002
0.26802999999999999
0.26844000000000001
0.26884999999999998
0.26926000000000000
0.26967000000000002
0.27007999999999999
0.27049000000000001
0.27089999999999997
0.27131000000000000
0.27172000000000002
0.27212999999999998
0.27254000000000000
0.27295000000000003
0.27335999999999999
0.27377000000000001
0.27417999999999998
0.27459000000000000
0.27500000000000002
0.27540999999999999
0.27582000000000001
0.27622999999999998
0.27664000000000000
0.27705000000000002
0.27745999999999998
0.27787000000000001
0.27828000000000003
0.27868999999999999
0.27910000000000001
0.27950999999999998
0.27992000000000000
0.28033000000000002
0.28073999999999999
0.28115000000000001
0.28155999999999998
0.28197000000000000
0.28238000000000002
0.28278999999999999
0.28320000000000001
0.28360999999999997
0.28401999999999999
0.28443000000000002
0.28483999999999998
0.28525000000000000
0.28566000000000003
0.28606999999999999
0.28648000000000001
0.28688999999999998
0.28730000000000000
0.28770000000000001
0.28810999999999998
0.28852000000000000
0.28893000000000002
0.28933999999999999
0.28975000000000001
0.29015999999999997
0.29056999999999999
0.29098000000000002
0.29138999999999998
0.29180000000000000
0.29221000000000003
0.29261999999999999
0.29303000000000001
0.29343999999999998
0.29385000000000000
0.29426000000000002
0.29466999999999999
0.29508000000000001
0.29548999999999997
0.29590000000000000
0.29631000000000002
0.29671999999999998
0.29713000000000001
0.29754000000000003
0.29794999999999999
0.29836000000000001
0.29876999999999998
0.29918000000000000
0.29959000000000002
0.29999999999999999
0.30041000000000001
0.30081999999999998
0.30123000000000000
0.30164000000000002
0.30204999999999999
0.30246000000000001
0.30286999999999997
0.30327999999999999
0.30369000000000002
0.30409999999999998
0.30451000000000000
0.30492000000000002
0.30532999999999999
0.30574000000000001
0.30614999999999998
0.30656000000000000
0.30697000000000002
0.30737999999999999
0.30779000000000001
0.30819999999999997
0.30861000000000000
0.30902000000000002
0.30942999999999998
0.30984000000000000
0.31025000000000003
0.31065999999999999
0.31107000000000001
0.31147999999999998
0.31189000000000000
0.31230000000000002
0.31269999999999998
0.31311000000000000
0.31352000000000002
0.31392999999999999
0.31434000000000001
0.31474999999999997
0.31516000000000000
0.31557000000000002
0.31597999999999998
0.31639000000000000
0.31680000000000003
0.31720999999999999
0.31762000000000001
0.31802999999999998
0.31844000000000000
0.31885000000000002
0.31925999999999999
0.31967000000000001
0.32007999999999998
0.32049000000000000
0.32090000000000002
0.32130999999999998
0.32172000000000001
0.32213000000000003
0.32253999999999999
0.32295000000000001
0.32335999999999998
0.32377000000000000
0.32418000000000002
0.32458999999999999
0.32500000000000001
0.32540999999999998
0.32582000000000000
0.32623000000000002
0.32663999999999999
0.32705000000000001
0.32745999999999997
0.32786999999999999
0.32828000000000002
0.32868999999999998
0.32910000000000000
0.32951000000000003
0.32991999999999999
0.33033000000000001
0.33073999999999998
0.33115000000000000
0.33156000000000002
0.33196999999999999
0.33238000000000001
0.33278999999999997
0.33320000000000000
0.33361000000000002
0.33401999999999998
0.33443000000000001
0.33484000000000003
0.33524999999999999
0.33566000000000001
0.33606999999999998
0.33648000000000000
0.33689000000000002
0.33729999999999999
0.33770000000000000
0.33811000000000002
0.33851999999999999
0.33893000000000001
0.33933999999999997
0.33975000000000000
0.34016000000000002
0.34056999999999998
0.34098000000000001
0.34139000000000003
0.34179999999999999
0.34221000000000001
0.34261999999999998
0.34303000000000000
0.34344000000000002
0.34384999999999999
0.34426000000000001
0.34466999999999998
0.34508000000000000
0.34549000000000002
0.34589999999999999
0.34631000000000001
0.34671999999999997
0.34712999999999999
0.34754000000000002
0.34794999999999998
0.34836000000000000
0.34877000000000002
0.34917999999999999
0.34959000000000001
0.34999999999999998
0.35041000000000000
0.35082000000000002
0.35122999999999999
0.35164000000000001
0.35204999999999997
0.35246000000000000
0.35287000000000002
0.35327999999999998
0.35369000000000000
0.35410000000000003
0.35450999999999999
0.35492000000000001
0.35532999999999998
0.35574000000000000
0.35615000000000002
0.35655999999999999
0.35697000000000001
0.35737999999999998
0.35779000000000000
0.35820000000000002
0.35860999999999998
0.35902000000000001
0.35943000000000003
0.35983999999999999
0.36025000000000001
0.36065999999999998
0.36107000000000000
0.36148000000000002
0.36188999999999999
0.36230000000000001
0.36270000000000002
0.36310999999999999
0.36352000000000001
0.36392999999999998
0.36434000000000000
0.36475000000000002
0.36515999999999998
0.36557000000000001
0.36598000000000003
0.36638999999999999
0.36680000000000001
0.36720999999999998
0.36762000000000000
0.36803000000000002
0.36843999999999999
0.36885000000000001
0.36925999999999998
0.36967000000000000
0.37008000000000002
0.37048999999999999
0.37090000000000001
0.37130999999999997
0.37171999999999999
0.37213000000000002
0.37253999999999998
0.37295000000000000
0.37336000000000003
0.37376999999999999
0.37418000000000001
0.37458999999999998
0.37500000000000000
0.37541000000000002
0.37581999999999999
0.37623000000000001
0.37663999999999997
0.37705000000000000
0.37746000000000002
0.37786999999999998
0.37828000000000001
0.37869000000000003
0.37909999999999999
0.37951000000000001
0.37991999999999998
0.38033000000000000
0.38074000000000002
0.38114999999999999
0.38156000000000001
0.38196999999999998
0.38238000000000000
0.38279000000000002
0.38319999999999999
0.38361000000000001
0.38401999999999997
0.38442999999999999
0.38484000000000002
0.38524999999999998
0.38566000000000000
0.38607000000000002
0.38647999999999999
0.38689000000000001
0.38729999999999998
0.38769999999999999
0.38811000000000001
0.38851999999999998
0.38893000000000000
0.38934000000000002
0.38974999999999999
0.39016000000000001
0.39056999999999997
0.39097999999999999
0.39139000000000002
0.39179999999999998
0.39221000000000000
0.39262000000000002
0.39302999999999999
0.39344000000000001
0.39384999999999998
0.39426000000000000
0.39467000000000002
0.39507999999999999
0.39549000000000001
0.39589999999999997
0.39631000000000000
0.39672000000000002
0.39712999999999998
0.39754000000000000
0.39795000000000003
0.39835999999999999
0.39877000000000001
0.39917999999999998
0.39959000000000000
0.40000000000000002
0.40040999999999999
0.40082000000000001
0.40122999999999998
0.40164000000000000
0.40205000000000002
0.40245999999999998
0.40287000000000001
0.40328000000000003
0.40368999999999999
0.40410000000000001
0.40450999999999998
0.40492000000000000
0.40533000000000002
0.40573999999999999
0.40615000000000001
0.40655999999999998
0.40697000000000000
0.40738000000000002
0.40778999999999999
0.40820000000000001
0.40860999999999997
0.40901999999999999
0.40943000000000002
0.40983999999999998
0.41025000000000000
0.41066000000000003
0.41106999999999999
0.41148000000000001
0.41188999999999998
0.41230000000000000
0.41270000000000001
0.41310999999999998
0.41352000000000000
0.41393000000000002
0.41433999999999999
0.41475000000000001
0.41515999999999997
0.41556999999999999
0.41598000000000002
0.41638999999999998
0.41680000000000000
0.41721000000000003
0.41761999999999999
0.41803000000000001
0.41843999999999998
0.41885000000000000
0.41926000000000002
0.41966999999999999
0.42008000000000001
0.42048999999999997
0.42090000000000000
0.42131000000000002
0.42171999999999998
0.42213000000000001
0.42254000000000003
0.42294999999999999
0.42336000000000001
0.42376999999999998
0.42418000000000000
0.42459000000000002
0.42499999999999999
0.42541000000000001
0.42581999999999998
0.42623000000000000
0.42664000000000002
0.42704999999999999
0.42746000000000001
0.42786999999999997
0.42827999999999999
0.42869000000000002
0.42909999999999998
0.42951000000000000
0.42992000000000002
0.43032999999999999
0.43074000000000001
0.43114999999999998
0.43156000000000000
0.43197000000000002
0.43237999999999999
0.43279000000000001
0.43319999999999997
0.43361000000000000
0.43402000000000002
0.43442999999999998
0.43484000000000000
0.43525000000000003
0.43565999999999999
0.43607000000000001
0.43647999999999998
0.43689000000000000
0.43730000000000002
0.43769999999999998
0.43811000000000000
0.43852000000000002
0.43892999999999999
0.43934000000000001
0.43974999999999997
0.44016000000000000
0.44057000000000002
0.44097999999999998
0.44139000000000000
0.44180000000000003
0.44220999999999999
0.44262000000000001
0.44302999999999998
0.44344000000000000
0.44385000000000002
0.44425999999999999
0.44467000000000001
0.44507999999999998
0.44549000000000000
0.44590000000000002
0.44630999999999998
0.44672000000000001
0.44713000000000003
0.44753999999999999
0.44795000000000001
0.44835999999999998
0.44877000000000000
0.44918000000000002
0.44958999999999999
0.45000000000000001
0.45040999999999998
0.45082000000000000
0.45123000000000002
0.45163999999999999
0.45205000000000001
0.45245999999999997
0.45286999999999999
0.45328000000000002
0.45368999999999998
0.45410000000000000
0.45451000000000003
0.45491999999999999
0.45533000000000001
0.45573999999999998
0.45615000000000000
0.45656000000000002
0.45696999999999999
0.45738000000000001
0.45778999999999997
0.45820000000000000
0.45861000000000002
0.45901999999999998
0.45943000000000001
0.45984000000000003
0.46024999999999999
0.46066000000000001
0.46106999999999998
0.46148000000000000
0.46189000000000002
0.46229999999999999
0.46270000000000000
0.46311000000000002
0.46351999999999999
0.46393000000000001
0.46433999999999997
0.46475000000000000
0.46516000000000002
0.46556999999999998
0.46598000000000001
0.46639000000000003
0.46679999999999999
0.46721000000000001
0.46761999999999998
0.46803000000000000
0.46844000000000002
0.46884999999999999
0.46926000000000001
0.46966999999999998
0.47008000000000000
0.47049000000000002
0.47089999999999999
0.47131000000000001
0.47171999999999997
0.47212999999999999
0.47254000000000002
0.47294999999999998
0.47336000000000000
0.47377000000000002
0.47417999999999999
0.47459000000000001
0.47499999999999998
0.47541000000000000
0.47582000000000002
0.47622999999999999
0.47664000000000001
0.47704999999999997
0.47746000000000000
0.47787000000000002
0.47827999999999998
0.47869000000000000
0.47910000000000003
0.47950999999999999
0.47992000000000001
0.48032999999999998
0.48074000000000000
0.48115000000000002
0.48155999999999999
0.48197000000000001
0.48237999999999998
0.48279000000000000
0.48320000000000002
0.48360999999999998
0.48402000000000001
0.48443000000000003
0.48483999999999999
0.48525000000000001
0.48565999999999998
0.48607000000000000
0.48648000000000002
0.48688999999999999
0.48730000000000001
0.48770000000000002
0.48810999999999999
0.48852000000000001
0.48892999999999998
0.48934000000000000
0.48975000000000002
0.49015999999999998
0.49057000000000001
0.49098000000000003
0.49138999999999999
0.49180000000000001
0.49220999999999998
0.49262000000000000
0.49303000000000002
0.49343999999999999
0.49385000000000001
0.49425999999999998
0.49467000000000000
0.49508000000000002
0.49548999999999999
0.49590000000000001
0.49630999999999997
0.49671999999999999
0.49713000000000002
0.49753999999999998
0.49795000000000000
0.49836000000000003
0.49876999999999999
0.49918000000000001
0.49958999999999998