2.0110000000000001
2.0110000000000001
2.0110000000000001
2.0110000000000001
2.0110000000000001
2.0110000000000001
2.0110000000000001
2.0110000000000001
2.0110000000000001
2.0110000000000001
2.0110000000000001
2.0110000000000001
2.0110000000000001
2.0110000000000001
2.0110000000000001
2.0099999999999998
2.0099999999999998
2.0099999999999998
2.0099999999999998
2.0099999999999998
2.0099999999999998
2.0099999999999998
2.0089999999999999
2.0089999999999999
2.0089999999999999
2.0089999999999999
2.0089999999999999
2.0080000000000000
2.0080000000000000
2.0080000000000000
2.0080000000000000
2.0080000000000000
2.0070000000000001
2.0070000000000001
2.0070000000000001
2.0070000000000001
2.0059999999999998
2.0059999999999998
2.0059999999999998
2.0049999999999999
2.0049999999999999
2.0049999999999999
2.0040000000000000
2.0040000000000000
2.0040000000000000
2.0030000000000001
2.0030000000000001
2.0030000000000001
2.0019999999999998
2.0019999999999998
2.0019999999999998
2.0009999999999999
2.0009999999999999
2.0000000000000000
2.0000000000000000
2.0000000000000000
1.9990000000000001
1.9990000000000001
1.9980000000000000
1.9980000000000000
1.9970000000000001
1.9970000000000001
1.9970000000000001
1.9960000000000000
1.9960000000000000
1.9950000000000001
1.9950000000000001
1.9940000000000000
1.9940000000000000
1.9930000000000001
1.9930000000000001
1.9920000000000000
1.9920000000000000
1.9910000000000001
1.9900000000000000
1.9900000000000000
1.9890000000000001
1.9890000000000001
1.9880000000000000
1.9880000000000000
1.9870000000000001
1.9870000000000001
1.9860000000000000
1.9850000000000001
1.9850000000000001
1.9840000000000000
1.9840000000000000
1.9830000000000001
1.9820000000000000
1.9820000000000000
1.9810000000000001
1.9800000000000000
1.9800000000000000
1.9790000000000001
1.9780000000000000
1.9780000000000000
1.9770000000000001
1.9760000000000000
1.9760000000000000
1.9750000000000001
1.9740000000000000
1.9740000000000000
1.9730000000000001
1.9720000000000000
1.9710000000000001
1.9710000000000001
1.9700000000000000
1.9690000000000001
1.9690000000000001
1.9680000000000000
1.9670000000000001
1.9660000000000000
1.9660000000000000
1.9650000000000001
1.9640000000000000
1.9630000000000001
1.9620000000000000
1.9620000000000000
1.9610000000000001
1.9600000000000000
1.9590000000000001
1.9590000000000001
1.9580000000000000
1.9570000000000001
1.9560000000000000
1.9550000000000001
1.9540000000000000
1.9540000000000000
1.9530000000000001
1.9520000000000000
1.9510000000000001
1.9500000000000000
1.9490000000000001
1.9490000000000001
1.9480000000000000
1.9470000000000001
1.9460000000000000
1.9450000000000001
1.9440000000000000
1.9430000000000001
1.9419999999999999
1.9410000000000001
1.9410000000000001
1.9399999999999999
1.9390000000000001
1.9379999999999999
1.9370000000000001
1.9359999999999999
1.9350000000000001
1.9339999999999999
1.9330000000000001
1.9319999999999999
1.9310000000000000
1.9299999999999999
1.9299999999999999
1.9290000000000000
1.9279999999999999
1.9270000000000000
1.9259999999999999
1.9250000000000000
1.9239999999999999
1.9230000000000000
1.9219999999999999
1.9210000000000000
1.9199999999999999
1.9190000000000000
1.9179999999999999
1.9170000000000000
1.9159999999999999
1.9150000000000000
1.9139999999999999
1.9130000000000000
1.9119999999999999
1.9110000000000000
1.9099999999999999
1.9090000000000000
1.9079999999999999
1.9070000000000000
1.9059999999999999
1.9050000000000000
1.9039999999999999
1.9030000000000000
1.9019999999999999
1.9010000000000000
1.8990000000000000
1.8979999999999999
1.8970000000000000
1.8959999999999999
1.8950000000000000
1.8939999999999999
1.8930000000000000
1.8919999999999999
1.8910000000000000
1.8899999999999999
1.8890000000000000
1.8879999999999999
1.8870000000000000
1.8859999999999999
1.8839999999999999
1.8830000000000000
1.8819999999999999
1.8810000000000000
1.8799999999999999
1.8790000000000000
1.8779999999999999
1.8770000000000000
1.8759999999999999
1.8750000000000000
1.8730000000000000
1.8720000000000001
1.8710000000000000
1.8700000000000001
1.8690000000000000
1.8680000000000001
1.8670000000000000
1.8650000000000000
1.8640000000000001
1.8630000000000000
1.8620000000000001
1.8610000000000000
1.8600000000000001
1.8590000000000000
1.8570000000000000
1.8560000000000001
1.8550000000000000
1.8540000000000001
1.8530000000000000
1.8520000000000001
1.8500000000000001
1.8490000000000000
1.8480000000000001
1.8470000000000000
1.8460000000000001
1.8450000000000000
1.8430000000000000
1.8420000000000001
1.8410000000000000
1.8400000000000001
1.8390000000000000
1.8370000000000000
1.8360000000000001
1.8350000000000000
1.8340000000000001
1.8330000000000000
1.8310000000000000
1.8300000000000001
1.8290000000000000
1.8280000000000001
1.8270000000000000
1.8250000000000000
1.8240000000000001
1.8230000000000000
1.8220000000000001
1.8200000000000001
1.8190000000000000
1.8180000000000001
1.8169999999999999
1.8160000000000001
1.8140000000000001
1.8129999999999999
1.8120000000000001
1.8109999999999999
1.8089999999999999
1.8080000000000001
1.8069999999999999
1.8060000000000000
1.8040000000000000
1.8029999999999999
1.8020000000000000
1.8009999999999999
1.7989999999999999
1.7980000000000000
1.7969999999999999
1.7949999999999999
1.7940000000000000
1.7929999999999999
1.7920000000000000
1.7900000000000000
1.7889999999999999
1.7880000000000000
1.7869999999999999
1.7849999999999999
1.7840000000000000
1.7829999999999999
1.7809999999999999
1.7800000000000000
1.7789999999999999
1.7769999999999999
1.7760000000000000
1.7749999999999999
1.7740000000000000
1.7720000000000000
1.7709999999999999
1.7700000000000000
1.7680000000000000
1.7669999999999999
1.7660000000000000
1.7640000000000000
1.7629999999999999
1.7620000000000000
1.7600000000000000
1.7589999999999999
1.7580000000000000
1.7560000000000000
1.7549999999999999
1.7540000000000000
1.7520000000000000
1.7509999999999999
1.7500000000000000
1.7480000000000000
1.7470000000000001
1.7460000000000000
1.7440000000000000
1.7430000000000001
1.7420000000000000
1.7400000000000000
1.7390000000000001
1.7380000000000000
1.7360000000000000
1.7350000000000001
1.7340000000000000
1.7320000000000000
1.7310000000000001
1.7290000000000001
1.7280000000000000
1.7270000000000001
1.7250000000000001
1.7240000000000000
1.7230000000000001
1.7210000000000001
1.7200000000000000
1.7180000000000000
1.7170000000000001
1.7160000000000000
1.7140000000000000
1.7130000000000001
1.7120000000000000
1.7100000000000000
1.7090000000000001
1.7070000000000001
1.7060000000000000
1.7050000000000001
1.7030000000000001
1.7020000000000000
1.7000000000000000
1.6990000000000001
1.6980000000000000
1.6960000000000000
1.6950000000000001
1.6930000000000001
1.6919999999999999
1.6899999999999999
1.6890000000000001
1.6879999999999999
1.6859999999999999
1.6850000000000001
1.6830000000000001
1.6819999999999999
1.6799999999999999
1.6790000000000000
1.6779999999999999
1.6759999999999999
1.6750000000000000
1.6730000000000000
1.6719999999999999
1.6699999999999999
1.6690000000000000
1.6670000000000000
1.6659999999999999
1.6639999999999999
1.6630000000000000
1.6619999999999999
1.6599999999999999
1.6590000000000000
1.6570000000000000
1.6559999999999999
1.6539999999999999
1.6530000000000000
1.6510000000000000
1.6499999999999999
1.6479999999999999
1.6470000000000000
1.6450000000000000
1.6439999999999999
1.6419999999999999
1.6410000000000000
1.6390000000000000
1.6379999999999999
1.6359999999999999
1.6350000000000000
1.6330000000000000
1.6319999999999999
1.6299999999999999
1.6290000000000000
1.6270000000000000
1.6259999999999999
1.6240000000000001
1.6230000000000000
1.6210000000000000
1.6200000000000001
1.6180000000000001
1.6170000000000000
1.6150000000000000
1.6140000000000001
1.6120000000000001
1.6110000000000000
1.6090000000000000
1.6080000000000001
1.6060000000000001
1.6050000000000000
1.6030000000000000
1.6010000000000000
1.6000000000000001
1.5980000000000001
1.5970000000000000
1.5950000000000000
1.5940000000000001
1.5920000000000001
1.5910000000000000
1.5890000000000000
1.5870000000000000
1.5860000000000001
1.5840000000000001
1.5830000000000000
1.5810000000000000
1.5800000000000001
1.5780000000000001
1.5760000000000001
1.5750000000000000
1.5730000000000000
1.5720000000000001
1.5700000000000001
1.5690000000000000
1.5669999999999999
1.5649999999999999
1.5640000000000001
1.5620000000000001
1.5609999999999999
1.5589999999999999
1.5569999999999999
1.5560000000000000
1.5540000000000000
1.5529999999999999
1.5509999999999999
1.5489999999999999
1.5480000000000000
1.5460000000000000
1.5449999999999999
1.5429999999999999
1.5409999999999999
1.5400000000000000
1.5380000000000000
1.5360000000000000
1.5349999999999999
1.5329999999999999
1.5320000000000000
1.5300000000000000
1.5280000000000000
1.5269999999999999
1.5249999999999999
1.5229999999999999
1.5220000000000000
1.5200000000000000
1.5180000000000000
1.5169999999999999
1.5149999999999999
1.5140000000000000
1.5120000000000000
1.5100000000000000
1.5089999999999999
1.5069999999999999
1.5049999999999999
1.5040000000000000
1.5020000000000000
1.5000000000000000
1.4990000000000001
1.4970000000000001
1.4950000000000001
1.4940000000000000
1.4920000000000000
1.4900000000000000
1.4890000000000001
1.4870000000000001
1.4850000000000001
1.4830000000000001
1.4820000000000000
1.4800000000000000
1.4780000000000000
1.4770000000000001
1.4750000000000001
1.4730000000000001
1.4720000000000000
1.4700000000000000
1.4680000000000000
1.4660000000000000
1.4650000000000001
1.4630000000000001
1.4610000000000001
1.4600000000000000
1.4580000000000000
1.4560000000000000
1.4550000000000001
1.4530000000000001
1.4510000000000001
1.4490000000000001
1.4480000000000000
1.4460000000000000
1.4440000000000000
1.4419999999999999
1.4410000000000001
1.4390000000000001
1.4370000000000001
1.4350000000000001
1.4339999999999999
1.4319999999999999
1.4299999999999999
1.4290000000000000
1.4270000000000000
1.4250000000000000
1.4230000000000000
1.4219999999999999
1.4199999999999999
1.4179999999999999
1.4159999999999999
1.4150000000000000
1.4130000000000000
1.4110000000000000
1.4090000000000000
1.4070000000000000
1.4059999999999999
1.4039999999999999
1.4019999999999999
1.3999999999999999
1.3990000000000000
1.3970000000000000
1.3950000000000000
1.3930000000000000
1.3910000000000000
1.3899999999999999
1.3879999999999999
1.3859999999999999
1.3839999999999999
1.3830000000000000
1.3810000000000000
1.3790000000000000
1.3770000000000000
1.3750000000000000
1.3740000000000001
1.3720000000000001
1.3700000000000001
1.3680000000000001
1.3660000000000001
1.3650000000000000
1.3630000000000000
1.3610000000000000
1.3590000000000000
1.3570000000000000
1.3560000000000001
1.3540000000000001
1.3520000000000001
1.3500000000000001
1.3480000000000001
1.3460000000000001
1.3450000000000000
1.3430000000000000
1.3410000000000000
1.3390000000000000
1.3370000000000000
1.3360000000000001
1.3340000000000001
1.3320000000000001
1.3300000000000001
1.3280000000000001
1.3260000000000001
1.3240000000000001
1.3230000000000000
1.3210000000000000
1.3190000000000000
1.3169999999999999
1.3149999999999999
1.3129999999999999
1.3120000000000001
1.3100000000000001
1.3080000000000001
1.3060000000000000
1.3040000000000000
1.3020000000000000
1.3000000000000000
1.2989999999999999
1.2969999999999999
1.2949999999999999
1.2929999999999999
1.2909999999999999
1.2889999999999999
1.2869999999999999
1.2860000000000000
1.2840000000000000
1.2820000000000000
1.2800000000000000
1.2780000000000000
1.2760000000000000
1.2740000000000000
1.2720000000000000
1.2709999999999999
1.2689999999999999
1.2669999999999999
1.2649999999999999
1.2629999999999999
1.2609999999999999
1.2589999999999999
1.2569999999999999
1.2560000000000000
1.2540000000000000
1.2520000000000000
1.2500000000000000
1.2480000000000000
1.2460000000000000
1.2440000000000000
1.2420000000000000
1.2400000000000000
1.2380000000000000
1.2370000000000001
1.2350000000000001
1.2330000000000001
1.2310000000000001
1.2290000000000001
1.2270000000000001
1.2250000000000001
1.2230000000000001
1.2210000000000001
1.2190000000000001
1.2170000000000001
1.2160000000000000
1.2140000000000000
1.2120000000000000
1.2100000000000000
1.2080000000000000
1.2060000000000000
1.2040000000000000
1.2020000000000000
1.2000000000000000
1.1980000000000000
1.1960000000000000
1.1940000000000000
1.1930000000000001
1.1910000000000001
1.1890000000000001
1.1870000000000001
1.1850000000000001
1.1830000000000001
1.1810000000000000
1.1790000000000000
1.1770000000000000
1.1750000000000000
1.1730000000000000
1.1710000000000000
1.1690000000000000
1.1670000000000000
1.1650000000000000
1.1630000000000000
1.1619999999999999
1.1599999999999999
1.1579999999999999
1.1559999999999999
1.1539999999999999
1.1519999999999999
1.1499999999999999
1.1479999999999999
1.1459999999999999
1.1439999999999999
1.1419999999999999
1.1399999999999999
1.1379999999999999
1.1359999999999999
1.1339999999999999
1.1319999999999999
1.1299999999999999
1.1279999999999999
1.1259999999999999
1.1240000000000001
1.1220000000000001
1.1200000000000001
1.1190000000000000
1.1170000000000000
1.1150000000000000
1.1130000000000000
1.1110000000000000
1.1090000000000000
1.1070000000000000
1.1050000000000000
1.1030000000000000
1.1010000000000000
1.0990000000000000
1.0970000000000000
1.0950000000000000
1.0930000000000000
1.0910000000000000
1.0890000000000000
1.0870000000000000
1.0850000000000000
1.0830000000000000
1.0810000000000000
1.0790000000000000
1.0770000000000000
1.0750000000000000
1.0730000000000000
1.0710000000000000
1.0690000000000000
1.0669999999999999
1.0649999999999999
1.0629999999999999
1.0609999999999999
1.0589999999999999
1.0569999999999999
1.0549999999999999
1.0529999999999999
1.0509999999999999
1.0489999999999999
1.0469999999999999
1.0449999999999999
1.0429999999999999
1.0409999999999999
1.0389999999999999
1.0369999999999999
1.0349999999999999
1.0329999999999999
1.0309999999999999
1.0289999999999999
1.0269999999999999
1.0249999999999999
1.0229999999999999
1.0209999999999999
1.0189999999999999
1.0169999999999999
1.0149999999999999
1.0129999999999999
1.0109999999999999
1.0089999999999999
1.0069999999999999
1.0049999999999999
1.0029999999999999
1.0009999999999999
0.99900000000000000
0.99700000000000000
0.99500000000000000
0.99299999999999999
0.99099999999999999
0.98899999999999999
0.98699999999999999
0.98499999999999999
0.98299999999999998
0.98099999999999998
0.97899999999999998
0.97699999999999998
0.97499999999999998
0.97299999999999998
0.97099999999999997
0.96899999999999997
0.96699999999999997
0.96499999999999997
0.96299999999999997
0.96099999999999997
0.95899999999999996
0.95699999999999996
0.95499999999999996
0.95299999999999996
0.95099999999999996
0.94899999999999995
0.94699999999999995
0.94499999999999995
0.94299999999999995
0.94099999999999995
0.93899999999999995
0.93700000000000006
0.93500000000000005
0.93300000000000005
0.93100000000000005
0.92900000000000005
0.92700000000000005
0.92500000000000004
0.92300000000000004
0.92100000000000004
0.91900000000000004
0.91700000000000004
0.91500000000000004
0.91300000000000003
0.91100000000000003
0.90900000000000003
0.90700000000000003
0.90500000000000003
0.90300000000000002
0.90100000000000002
0.89900000000000002
0.89700000000000002
0.89500000000000002
0.89300000000000002
0.89100000000000001
0.88900000000000001
0.88600000000000001
0.88400000000000001
0.88200000000000001
0.88000000000000000
0.87800000000000000
0.87600000000000000
0.87400000000000000
0.87200000000000000
0.87000000000000000
0.86799999999999999
0.86599999999999999
0.86399999999999999
0.86199999999999999
0.85999999999999999
0.85799999999999998
0.85599999999999998
0.85399999999999998
0.85199999999999998
0.84999999999999998
0.84799999999999998
0.84599999999999997
0.84399999999999997
0.84199999999999997
0.83999999999999997
0.83799999999999997
0.83599999999999997
0.83399999999999996
0.83199999999999996
0.82999999999999996
0.82799999999999996
0.82599999999999996
0.82399999999999995
0.82199999999999995
0.81999999999999995
0.81799999999999995
0.81599999999999995
0.81399999999999995
0.81200000000000006
0.81000000000000005
0.80800000000000005
0.80600000000000005
0.80400000000000005
0.80200000000000005
0.80000000000000004
0.79800000000000004
0.79500000000000004
0.79300000000000004
0.79100000000000004
0.78900000000000003
0.78700000000000003
0.78500000000000003
0.78300000000000003
0.78100000000000003
0.77900000000000003
0.77700000000000002
0.77500000000000002
0.77300000000000002
0.77100000000000002
0.76900000000000002
0.76700000000000002
0.76500000000000001
0.76300000000000001
0.76100000000000001
0.75900000000000001
0.75700000000000001
0.75500000000000000
0.75300000000000000
0.75100000000000000
0.74900000000000000
0.74700000000000000
0.74500000000000000
0.74299999999999999
0.74099999999999999
0.73899999999999999
0.73699999999999999
0.73499999999999999
0.73299999999999998
0.73099999999999998
0.72899999999999998
0.72699999999999998
0.72499999999999998
0.72299999999999998
0.72099999999999997
0.71899999999999997
0.71699999999999997
0.71499999999999997
0.71299999999999997
0.71099999999999997
0.70899999999999996
0.70699999999999996
0.70499999999999996
0.70299999999999996
0.70099999999999996
0.69899999999999995
0.69699999999999995
0.69499999999999995
0.69199999999999995
0.68999999999999995
0.68799999999999994
0.68600000000000005
0.68400000000000005
0.68200000000000005
0.68000000000000005
0.67800000000000005
0.67600000000000005
0.67400000000000004
0.67200000000000004
0.67000000000000004
0.66800000000000004
0.66600000000000004
0.66400000000000003
0.66200000000000003
0.66000000000000003
0.65800000000000003
0.65600000000000003
0.65400000000000003
0.65200000000000002
0.65000000000000002
0.64800000000000002
0.64600000000000002
0.64400000000000002
0.64200000000000002
0.64000000000000001
0.63800000000000001
0.63600000000000001
0.63400000000000001
0.63200000000000001
0.63000000000000000
0.62800000000000000
0.62600000000000000
0.62400000000000000
0.62200000000000000
0.62000000000000000
0.61799999999999999
0.61599999999999999
0.61399999999999999
0.61199999999999999
0.60999999999999999
0.60799999999999998
0.60599999999999998
0.60399999999999998
0.60199999999999998
0.59999999999999998
0.59799999999999998
0.59599999999999997
0.59399999999999997
0.59199999999999997
0.58999999999999997
0.58799999999999997
0.58599999999999997
0.58399999999999996
0.58199999999999996
0.57999999999999996
0.57799999999999996
0.57599999999999996
0.57399999999999995
0.57199999999999995
0.56999999999999995
0.56799999999999995
0.56599999999999995
0.56399999999999995
0.56200000000000006
0.56000000000000005
0.55800000000000005
0.55600000000000005
0.55400000000000005
0.55200000000000005
0.55000000000000004
0.54800000000000004
0.54600000000000004
0.54400000000000004
0.54200000000000004
0.54000000000000004
0.53800000000000003
0.53600000000000003
0.53400000000000003
0.53200000000000003
0.53000000000000003
0.52800000000000002
0.52600000000000002
0.52400000000000002
0.52200000000000002
0.52000000000000002
0.51800000000000002
0.51600000000000001
0.51400000000000001
0.51200000000000001
0.51000000000000001
0.50900000000000001
0.50700000000000001
0.50500000000000000
0.50300000000000000
0.50100000000000000
0.49900000000000000
0.49700000000000000
0.49500000000000000
0.49299999999999999
0.49099999999999999
0.48899999999999999
0.48699999999999999
0.48499999999999999
0.48299999999999998
0.48099999999999998
0.47899999999999998
0.47699999999999998
0.47499999999999998
0.47299999999999998
0.47099999999999997
0.46899999999999997
0.46700000000000003
0.46500000000000002
0.46300000000000002
0.46100000000000002
0.45900000000000002
0.45700000000000002
0.45500000000000002
0.45300000000000001
0.45100000000000001
0.44900000000000001
0.44700000000000001
0.44500000000000001
0.44300000000000000
0.44100000000000000
0.43900000000000000
0.43700000000000000
0.43500000000000000
0.43400000000000000
0.43200000000000000
0.42999999999999999
0.42799999999999999
0.42599999999999999
0.42399999999999999
0.42199999999999999
0.41999999999999998
0.41799999999999998
0.41599999999999998
0.41399999999999998
0.41199999999999998
0.40999999999999998
0.40799999999999997
0.40600000000000003
0.40400000000000003
0.40200000000000002
0.40000000000000002
0.39800000000000002
0.39600000000000002
0.39400000000000002
0.39200000000000002
0.39000000000000001
0.38800000000000001
0.38700000000000001
0.38500000000000001
0.38300000000000001
0.38100000000000001
0.37900000000000000
0.37700000000000000
0.37500000000000000
0.37300000000000000
0.37100000000000000
0.36899999999999999
0.36699999999999999
0.36499999999999999
0.36299999999999999
0.36099999999999999
0.35899999999999999
0.35699999999999998
0.35499999999999998
0.35299999999999998
0.35199999999999998
0.34999999999999998
0.34799999999999998
0.34599999999999997
0.34399999999999997
0.34200000000000003
0.34000000000000002
0.33800000000000002
0.33600000000000002
0.33400000000000002
0.33200000000000002
0.33000000000000002
0.32800000000000001
0.32600000000000001
0.32400000000000001
0.32200000000000001
0.32100000000000001
0.31900000000000001
0.31700000000000000
0.31500000000000000
0.31300000000000000
0.31100000000000000
0.30900000000000000
0.30700000000000000
0.30499999999999999
0.30299999999999999
0.30099999999999999
0.29899999999999999
0.29699999999999999
0.29499999999999998
0.29399999999999998
0.29199999999999998
0.28999999999999998
0.28799999999999998
0.28599999999999998
0.28399999999999997
0.28199999999999997
0.28000000000000003
0.27800000000000002
0.27600000000000002
0.27400000000000002
0.27200000000000002
0.27000000000000002
0.26900000000000002
0.26700000000000002
0.26500000000000001
0.26300000000000001
0.26100000000000001
0.25900000000000001
0.25700000000000001
0.25500000000000000
0.25300000000000000
0.25100000000000000
0.24900000000000000
0.24800000000000000
0.24600000000000000
0.24399999999999999
0.24199999999999999
0.23999999999999999
0.23799999999999999
0.23599999999999999
0.23400000000000001
0.23200000000000001
0.23000000000000001
0.22800000000000001
0.22700000000000001
0.22500000000000001
0.22300000000000000
0.22100000000000000
0.21900000000000000
0.21700000000000000
0.21500000000000000
0.21299999999999999
0.21099999999999999
0.20899999999999999
0.20799999999999999
0.20599999999999999
0.20399999999999999
0.20200000000000001
0.20000000000000001
0.19800000000000001
0.19600000000000001
0.19400000000000001
0.19200000000000000
0.19000000000000000
0.18900000000000000
0.18700000000000000
0.18500000000000000
0.18300000000000000
0.18099999999999999
0.17899999999999999
0.17699999999999999
0.17499999999999999
0.17299999999999999
0.17199999999999999
0.17000000000000001
0.16800000000000001
0.16600000000000001
0.16400000000000001
0.16200000000000001
0.16000000000000000
0.15800000000000000
0.15700000000000000
0.15500000000000000
0.15300000000000000
0.15100000000000000
0.14899999999999999
0.14699999999999999
0.14499999999999999
0.14299999999999999
0.14199999999999999
0.14000000000000001
0.13800000000000001
0.13600000000000001
0.13400000000000001
0.13200000000000001
0.13000000000000000
0.12800000000000000
0.12700000000000000
0.12500000000000000
0.12300000000000000
0.12100000000000000
0.11899999999999999
0.11700000000000001
0.11500000000000000
0.11300000000000000
0.11200000000000000
0.11000000000000000
0.10800000000000000
0.10600000000000000
0.10400000000000000
0.10199999999999999
0.10000000000000001
9.9000000000000005E-002
9.7000000000000003E-002
9.5000000000000001E-002
9.2999999999999999E-002
9.0999999999999998E-002
8.8999999999999996E-002
8.6999999999999994E-002
8.5999999999999993E-002
8.4000000000000005E-002
8.2000000000000003E-002
8.0000000000000002E-002
7.8000000000000000E-002
7.5999999999999998E-002
7.3999999999999996E-002
7.2999999999999995E-002
7.0999999999999994E-002
6.9000000000000006E-002
6.7000000000000004E-002
6.5000000000000002E-002
6.3000000000000000E-002