   2.0000000000000000E-002  0.39725849534989516     
   4.0000000000000001E-002  0.49916414184386237     
   5.9999999999999998E-002   9.5698915835828055E-002
   8.0000000000000002E-002  0.11946503715344862     
  0.10000000000000001        1.1438826343952336E-002
  0.12000000000000000        6.4552713612976440E-003
  0.14000000000000001        8.3731344614455504E-005
  0.16000000000000000        9.7161621707343993E-003
  0.17999999999999999        1.0444729587742166E-002
  0.20000000000000001        1.8608886273085254E-002
  0.22000000000000000        3.3286402046332209E-003
  0.23999999999999999        2.5432648244379662E-003
  0.26000000000000001        1.8360832804058848E-002
  0.28000000000000003        3.9415807617426499E-003
  0.29999999999999999        2.1084579203757385E-003
  0.32000000000000001        2.3231039722354322E-006
  0.34000000000000002        1.2152000518838029E-002
  0.35999999999999999        8.0604497441723625E-004
  0.38000000000000000        1.6864811914237069E-004
  0.40000000000000002        1.2229433448181619E-003
  0.41999999999999998        4.0881392185433907E-006
  0.44000000000000000        1.7144492001157582E-002
  0.46000000000000002        2.5529900039176552E-002
  0.47999999999999998        2.0799763623750958E-004
  0.50000000000000000        1.5570808220930286E-002
  0.52000000000000002        1.7642833920097634E-002
  0.54000000000000004        5.0838579107367378E-004
  0.56000000000000005        1.7230441075705521E-002
  0.57999999999999996        2.2508600677691791E-003
  0.59999999999999998        7.2506365663103246E-003
  0.62000000000000000        4.0766409087400627E-003
  0.64000000000000001        1.5412448452439952E-003
  0.66000000000000003        1.3072589652327354E-002
  0.68000000000000005        1.5375036155977760E-002
  0.69999999999999996        1.1559856161986912E-002
  0.71999999999999997        3.1015967831407441E-004
  0.73999999999999999        1.9598187841101147E-002
  0.76000000000000001        1.0457370979670758E-002
  0.78000000000000003        2.7474189626558545E-003
  0.80000000000000004        6.2331489436072789E-005
  0.81999999999999995        2.3309199888995012E-002
  0.83999999999999997        1.0751598879391557E-002
  0.85999999999999999        3.3084918219200405E-003
  0.88000000000000000        2.2353165719427295E-003
  0.90000000000000002        9.5207251703122702E-003
  0.92000000000000004        2.3616833878132599E-007
  0.93999999999999995        1.9712183502594450E-003
  0.95999999999999996        3.3535010073700597E-004
  0.97999999999999998        9.4031563023905619E-006
   1.0000000000000000        2.0078900457576806E-004
   1.0200000000000000        2.3625187761688291E-002
   1.0400000000000000        1.4430244493591415E-003
   1.0600000000000001        3.5476399539646028E-002
   1.0800000000000001        1.3202069470552328E-002
   1.1000000000000001        2.8493289122721022E-002
   1.1200000000000001        1.5666341270153256E-004
   1.1399999999999999        3.1620433822896793E-003
   1.1599999999999999        9.8360306194431417E-003
   1.1799999999999999        2.2440157812808406E-002
   1.2000000000000000        3.1613147661438577E-003
   1.2200000000000000        1.6742305416384377E-002
   1.2400000000000000        6.7559169348961031E-003
   1.2600000000000000        2.0386412206453342E-004
   1.2800000000000000        2.2847339053146910E-003
   1.3000000000000000        1.2515691240029440E-002
   1.3200000000000001        6.6283368701521659E-003
   1.3400000000000001        9.1258308919573566E-003
   1.3600000000000001        4.2228944334176999E-004
   1.3799999999999999        1.2085623064202784E-002
   1.3999999999999999        4.7625255163003645E-003
   1.4199999999999999        3.2740836207236286E-002
   1.4399999999999999        1.7402501362996303E-003
   1.4600000000000000        1.9678696013700449E-002
   1.4800000000000000        1.1526069983536197E-002
   1.5000000000000000        5.3658165358102497E-004
   1.5200000000000000        2.6172431884833247E-004
   1.5400000000000000        9.0083114690624293E-003
   1.5600000000000001        7.4716007380963090E-003
   1.5800000000000001        4.2936602645442523E-003
   1.6000000000000001        1.3150954328622032E-003
   1.6200000000000001        1.3758548218755209E-004
   1.6399999999999999        4.0195423425814286E-003
   1.6599999999999999        2.0035245989316618E-002
   1.6799999999999999        1.0600543352685069E-003
   1.7000000000000000        3.1791785453572891E-002
   1.7200000000000000        1.7208986237657330E-002
   1.7400000000000000        1.9670386596755525E-002
   1.7600000000000000        1.5411883578083897E-003
   1.7800000000000000        7.8993639986306931E-005
   1.8000000000000000        5.0685411448267688E-003
   1.8200000000000001        3.0854593644966568E-003
   1.8400000000000001        1.2040427615803451E-002
   1.8600000000000001        1.0594475481198955E-002
   1.8799999999999999        6.2283106830078256E-003
   1.8999999999999999        5.4589470306426260E-003
   1.9199999999999999        2.8858580044579681E-003
   1.9399999999999999        4.7759101039539037E-002
   1.9600000000000000        9.4395532477727258E-003
   1.9800000000000000        3.1282195873048001E-002
   2.0000000000000000        1.9212712247422346E-002
   2.0200000000000000        4.2920894376493185E-003
   2.0400000000000000        2.3696801235969810E-002
   2.0600000000000001        1.6943877885027433E-002
   2.0800000000000001        1.9797822984121680E-002
   2.1000000000000001        7.6460884622063909E-003
   2.1200000000000001        2.9643125462641980E-002
   2.1400000000000001       0.11196596305034767     
   2.1600000000000001        2.2488747757677275E-003
   2.1800000000000002        6.3665665814929542E-003
   2.2000000000000002        2.6182373474235889E-002
   2.2200000000000002        1.4693163258665647E-003
   2.2400000000000002        6.4532578648033119E-003
   2.2599999999999998        7.1763622208232403E-003
   2.2799999999999998        8.5468674023899821E-003
   2.2999999999999998        1.9165830563247100E-002
   2.3199999999999998        5.6107964618821976E-002
   2.3399999999999999        3.0194183866900613E-003
   2.3599999999999999        4.2358064278116891E-002
   2.3799999999999999        8.1718674444822056E-003
   2.3999999999999999        6.0143720500380107E-003
   2.4199999999999999        2.5884862480759672E-004
   2.4399999999999999        3.1246526399715643E-002
   2.4600000000000000        1.3373013144277292E-003
   2.4800000000000000        7.1424566269722919E-004
   2.5000000000000000        2.7459412729785589E-002
   2.5200000000000000        5.1279834823692680E-002
   2.5400000000000000        9.0399677087908241E-003
   2.5600000000000001        1.6266449902063357E-002
   2.5800000000000001        3.2855238638634697E-003
   2.6000000000000001        8.4278405921815961E-003
   2.6200000000000001        7.1438214833033822E-002
   2.6400000000000001        8.4611967170086545E-003
   2.6600000000000001        7.9142014171641514E-003
   2.6800000000000002        4.7723802160752019E-004
   2.7000000000000002        1.3266083467720690E-002
   2.7200000000000002        3.2759639531357014E-002
   2.7400000000000002        1.3116550970732183E-003
   2.7599999999999998        4.4203271820625389E-002
   2.7799999999999998        6.8901531205338784E-003
   2.7999999999999998        3.2242039766721209E-003
   2.8199999999999998        1.0200739846992256E-002
   2.8399999999999999        6.8586660647529136E-004
   2.8599999999999999        1.1525326478426772E-003
   2.8799999999999999        1.7615906800509246E-002
   2.8999999999999999        1.0739953002444024E-003
   2.9199999999999999        4.0597116474256310E-003
   2.9399999999999999        2.9387215843591310E-003
   2.9600000000000000        9.1395751078199347E-002
   2.9800000000000000        5.7025591266180141E-002
   3.0000000000000000        4.0711007550275118E-002
   3.0200000000000000        7.9179346210649212E-004
   3.0400000000000000        2.2833125613025480E-002
   3.0600000000000001        3.6278513655223867E-002
   3.0800000000000001        5.0737551696947741E-002
   3.1000000000000001        3.8970277479962838E-003
   3.1200000000000001        1.1268883259732734E-002
   3.1400000000000001        7.1508415154591057E-003
   3.1600000000000001        7.3209754810396651E-003
   3.1800000000000002        2.5054611321267971E-002
   3.2000000000000002        1.1314438246008385E-002
   3.2200000000000002        2.5525855921655717E-002
   3.2400000000000002        1.7949482882302671E-002
   3.2599999999999998        8.9013565231867500E-003
   3.2799999999999998        1.5021952899769951E-002
   3.2999999999999998        5.6547899229408907E-002
   3.3199999999999998        6.4583900871875025E-003
   3.3399999999999999        6.5532302876177784E-002
   3.3599999999999999        2.1180154597504924E-002
   3.3799999999999999        9.2744898626576644E-003
   3.3999999999999999        5.7030218031675406E-002
   3.4199999999999999        2.1015391605740679E-003
   3.4399999999999999        7.9703775008304733E-003
   3.4600000000000000        6.7483508416485413E-002
   3.4800000000000000        8.3778618004816155E-005
   3.5000000000000000        2.3627534217574909E-004
   3.5200000000000000        3.5538575556576538E-002
   3.5400000000000000        7.3224304463935302E-003
   3.5600000000000001        1.4185577905764178E-002
   3.5800000000000001        1.9670037591463047E-002
   3.6000000000000001        1.2979514527013049E-002
   3.6200000000000001        1.3442005249081339E-002
   3.6400000000000001        5.4499591667498251E-002
   3.6600000000000001        2.4416313774071514E-004
   3.6800000000000002        6.0799652594258270E-002
   3.7000000000000002        4.0134392614248997E-003
   3.7200000000000002        1.1017314803327597E-002
   3.7400000000000002        1.8313626624371900E-003
   3.7599999999999998        1.4616983804277103E-002
   3.7799999999999998        8.9552166048084400E-002
   3.7999999999999998        5.8113187463964287E-002
   3.8199999999999998        3.0897078510840285E-003
   3.8399999999999999        1.4595058044090512E-002
   3.8599999999999999        7.9768538318644409E-003
   3.8799999999999999        2.3916775882609100E-004
   3.8999999999999999        2.1360867144386019E-002
   3.9199999999999999        9.0070170551418589E-003
   3.9399999999999999        3.7902412668258507E-002
   3.9600000000000000        7.7781670407269868E-002
   3.9800000000000000        2.2928412151156777E-002
   4.0000000000000000        5.6525117284730959E-003
   4.0199999999999996        2.1777175829372927E-002
   4.0400000000000000        5.0831901518256159E-002
   4.0599999999999996        1.3552210531278806E-003
   4.0800000000000001        1.7154472002106204E-003
   4.0999999999999996        1.2478875928789740E-002
   4.1200000000000001        8.5541189714472103E-003
   4.1399999999999997        9.4032720483923443E-002
   4.1600000000000001        6.5438272275775089E-002
   4.1799999999999997        5.2945439825240659E-004
   4.2000000000000002        5.2794779165728327E-002
   4.2199999999999998        3.5199612326829617E-002
   4.2400000000000002       0.14496572939304039     
   4.2599999999999998        1.5991469766825705E-002
   4.2800000000000002       0.13975764342529040     
   4.2999999999999998        6.9876938841862787E-002
   4.3200000000000003        5.2858077608677549E-002
   4.3399999999999999        4.9170339929609638E-003
   4.3600000000000003        3.6540829718504621E-002
   4.3799999999999999        8.4449659939477811E-002
   4.4000000000000004        5.7724020383340686E-002
   4.4199999999999999       0.10172550882968576     
   4.4400000000000004        6.5546365319503197E-002
   4.4600000000000000        2.1609822813554232E-002
   4.4800000000000004       0.11316187987936570     
   4.5000000000000000        4.0269766096855614E-003
   4.5199999999999996       0.17677442042843858     
   4.5400000000000000        3.9166857574517204E-002
   4.5599999999999996        2.6993858997617420E-006
   4.5800000000000001        6.9963967382799488E-002
   4.5999999999999996        6.0088488289549651E-002
   4.6200000000000001       0.11795883643584425     
   4.6399999999999997        2.9724827955008564E-003
   4.6600000000000001        4.3211857947473765E-002
   4.6799999999999997        3.5573393238617322E-002
   4.7000000000000002        5.0670286908862890E-002
   4.7199999999999998       0.13528234945245893     
   4.7400000000000002        1.1763632158683661E-002
   4.7599999999999998       0.12031133184252438     
   4.7800000000000002        4.3017831466976193E-002
   4.7999999999999998        3.7722736565573803E-002
   4.8200000000000003        1.1334380740954360E-002
   4.8399999999999999        6.8133947966351985E-002
   4.8600000000000003        5.1699582488903550E-002
   4.8799999999999999        7.3121313748559652E-002
   4.9000000000000004        9.7825966964831205E-003
   4.9199999999999999        9.0231484672361612E-002
   4.9400000000000004       0.12751584247630521     
   4.9600000000000000        6.1013642156160161E-002
   4.9800000000000004       0.21445619649797362     
   5.0000000000000000        3.2059015338338590E-004
   5.0199999999999996        5.5246595513017575E-002
   5.0400000000000000        2.0710769752823686E-002
   5.0599999999999996        1.8641538703523304E-005
   5.0800000000000001        3.7882660811987143E-002
   5.0999999999999996        2.2157112563417292E-002
   5.1200000000000001        1.9651659705685519E-002
   5.1399999999999997        2.0820233947534884E-002
   5.1600000000000001        5.0918118368490056E-002
   5.1799999999999997       0.26676335313259003     
   5.2000000000000002        7.8577282956462532E-002
   5.2199999999999998        4.7680369317510393E-002
   5.2400000000000002       0.23191607168959030     
   5.2599999999999998        8.8607450637573102E-005
   5.2800000000000002        3.9090046968704877E-002
   5.2999999999999998        3.1347709669731459E-002
   5.3200000000000003        8.0840312777904461E-002
   5.3399999999999999       0.15385465443495214     
   5.3600000000000003       0.17550724452554703     
   5.3799999999999999       0.25166100417117826     
   5.4000000000000004       0.33354117389123294     
   5.4199999999999999       0.30081180889188652     
   5.4400000000000004       0.28152071059705402     
   5.4600000000000000       0.15706359242061696     
   5.4800000000000004       0.18732139503606937     
   5.5000000000000000        1.9095267234582151E-002
   5.5199999999999996        5.7752025765907345E-003
   5.5400000000000000        1.0722526612706285E-002
   5.5599999999999996       0.22143610358101237     
   5.5800000000000001       0.10491832342035411     
   5.5999999999999996        8.0808274833569192E-004
   5.6200000000000001        5.2429341518934414E-002
   5.6399999999999997       0.11380676925676823     
   5.6600000000000001        4.1130725142029645E-002
   5.6799999999999997       0.20033640375741826     
   5.7000000000000002       0.35161026279683699     
   5.7199999999999998       0.33333245675453099     
   5.7400000000000002       0.21933014894083053     
   5.7599999999999998        8.5286113157793386E-002
   5.7800000000000002        7.4283838802023166E-003
   5.7999999999999998       0.16128658273749988     
   5.8200000000000003       0.35254994510729437     
   5.8399999999999999       0.29623908025911477     
   5.8600000000000003       0.22919270800788510     
   5.8799999999999999       0.24211344060164736     
   5.9000000000000004       0.47896026487844034     
   5.9199999999999999       0.51066653447041466     
   5.9400000000000004        2.7791223286863752E-002
   5.9600000000000000       0.55224640233477884     
   5.9800000000000004       0.26999636855041897     
   6.0000000000000000        4.9512860334840890E-002
   6.0199999999999996       0.24155784549002188     
   6.0400000000000000       0.36593640235739339     
   6.0599999999999996       0.49631272030032497     
   6.0800000000000001        6.5773763053961265E-002
   6.0999999999999996       0.57735861044287895     
   6.1200000000000001       0.54679292109273492     
   6.1399999999999997       0.63081050238290137     
   6.1600000000000001        4.1225307569587713E-002
   6.1799999999999997       0.37194225471764913     
   6.2000000000000002        5.0877264096249929E-005
   6.2199999999999998       0.39069099257101503     
   6.2400000000000002       0.17233552876054919     
   6.2599999999999998        7.4804398385946311E-002
   6.2800000000000002       0.23872431043391912     
   6.2999999999999998       0.61311570146400418     
   6.3200000000000003       0.61099847188455003     
   6.3399999999999999        1.1415958673611013E-002
   6.3600000000000003        5.6570845290508237E-002
   6.3799999999999999       0.21385440453483773     
   6.4000000000000004       0.54485727664387829     
   6.4199999999999999       0.73131517727088946     
   6.4400000000000004        8.9193673959472933E-002
   6.4600000000000000        1.0141960537992658E-002
   6.4800000000000004       0.63361760066951855     
   6.5000000000000000       0.31217663182216066     
   6.5199999999999996       0.52166978212865156     
   6.5400000000000000       0.40633134484551142     
   6.5599999999999996        1.1916813387374301E-004
   6.5800000000000001       0.49331258501116371     
   6.5999999999999996        4.2321350100377526E-002
   6.6200000000000001       0.36191869244643160     
   6.6399999999999997       0.46716003259978878     
   6.6600000000000001       0.66008437299902423     
   6.6799999999999997        4.0828666610482015E-003
   6.7000000000000002       0.55485892365081935     
   6.7199999999999998       0.80105488074371789     
   6.7400000000000002       0.18690074183382455     
   6.7599999999999998       0.57807479185205357     
   6.7800000000000002        1.8704521530676962E-002
   6.7999999999999998       0.82745051392682190     
   6.8200000000000003       0.28838218648682984     
   6.8399999999999999       0.33970564845524620     
   6.8600000000000003       0.22963247732935596     
   6.8799999999999999       0.56129232850005994     
   6.9000000000000004       0.84897781236759551     
   6.9199999999999999       0.80045891186812212     
   6.9400000000000004        9.2252919760162172E-002
   6.9600000000000000       0.44315033732469916     
   6.9800000000000004        4.1838605603388822E-003
   7.0000000000000000       0.40780214209514681     
   7.0199999999999996       0.76004852782986498     
   7.0400000000000000        4.5810684976209992E-002
   7.0599999999999996       0.48122003218815590     
   7.0800000000000001       0.87931755333379769     
   7.0999999999999996       0.83715205034838036     
   7.1200000000000001       0.17042015332997196     
   7.1399999999999997        7.9474135882807509E-002
   7.1600000000000001       0.66948251390182101     
   7.1799999999999997       0.45585684286933920     
   7.2000000000000002       0.21585744336928614     
   7.2199999999999998       0.39246157460684977     
   7.2400000000000002       0.23589842655167018     
   7.2599999999999998       0.10995191263072952     
   7.2800000000000002       0.84475897406994860     
   7.2999999999999998        5.4636559849876927E-002
   7.3200000000000003       0.47798438981829866     
   7.3399999999999999       0.16446313075732330     
   7.3600000000000003        3.1676785101455905E-002
   7.3799999999999999       0.17054919139152455     
   7.4000000000000004       0.58589332423087381     
   7.4199999999999999       0.82740475096269939     
   7.4400000000000004       0.61748170378580092     
   7.4600000000000000       0.66817214598066921     
   7.4800000000000004       0.36592816051740912     
   7.5000000000000000       0.21299051057709786     
   7.5199999999999996       0.19729679238342221     
   7.5400000000000000        5.7105111087645204E-002
   7.5599999999999996        8.3668425031562674E-002
   7.5800000000000001       0.89906228400362198     
   7.5999999999999996        5.2379388138754826E-002
   7.6200000000000001       0.91238226440337511     
   7.6399999999999997       0.55344901765625498     
   7.6600000000000001       0.25443542117081402     
   7.6799999999999997       0.21775625656969910     
   7.7000000000000002       0.86412988045209271     
   7.7199999999999998        5.0996321123131322E-002
   7.7400000000000002       0.91440465302598661     
   7.7599999999999998       0.44482120205299458     
   7.7800000000000002       0.83076167688005031     
   7.7999999999999998       0.22539037063672285     
   7.8200000000000003       0.74974525988013763     
   7.8399999999999999       0.30034295404093503     
   7.8600000000000003        8.6813855910981615E-003
   7.8799999999999999       0.13461458105820895     
   7.9000000000000004       0.49633008530619066     
   7.9199999999999999        3.7480860521253045E-002
   7.9400000000000004       0.63661332113943214     
   7.9600000000000000       0.10088301998021992     
   7.9800000000000004       0.94728423606119316     
   8.0000000000000000       0.67054911867092348     
   8.0199999999999996       0.18398550674568012     
   8.0399999999999991       0.71209976487454762     
   8.0600000000000005       0.14696531621082917     
   8.0800000000000001       0.88094925723165740     
   8.0999999999999996       0.93108802556926418     
   8.1199999999999992       0.41268627142683512     
   8.1400000000000006       0.95785893854776505     
   8.1600000000000001       0.40901877678530285     
   8.1799999999999997       0.60560827560531472     
   8.1999999999999993       0.63973189651005313     
   8.2200000000000006        7.0168575064640609E-002
   8.2400000000000002       0.26274290976154052     
   8.2599999999999998       0.10925748775284849     
   8.2799999999999994       0.93888465943087018     
   8.3000000000000007       0.84807373563396460     
   8.3200000000000003        3.1513507328381762E-004
   8.3399999999999999        3.2437733996672380E-002
   8.3599999999999994       0.49691032060080681     
   8.3800000000000008       0.40546917776848479     
   8.4000000000000004       0.89576577147745129     
   8.4199999999999999       0.88195209801577124     
   8.4399999999999995       0.73741932880386019     
   8.4600000000000009       0.90153163492911348     
   8.4800000000000004       0.95333416013338568     
   8.5000000000000000       0.70191698827905136     
   8.5199999999999996       0.68289801348481560     
   8.5399999999999991       0.10346688526354104     
   8.5600000000000005       0.94865570156576540     
   8.5800000000000001       0.92540076145745198     
   8.5999999999999996       0.82489777747727078     
   8.6199999999999992       0.25360606416715298     
   8.6400000000000006        9.8575239013714122E-002
   8.6600000000000001       0.45422542463864202     
   8.6799999999999997       0.37587094778396246     
   8.6999999999999993       0.78623177108334252     
   8.7200000000000006       0.71520405944588816     
   8.7400000000000002       0.63990073284437932     
   8.7599999999999998       0.94250794539597083     
   8.7799999999999994       0.54141166633007365     
   8.8000000000000007       0.95929629509734038     
   8.8200000000000003        5.6090439660795549E-002
   8.8399999999999999        7.6153369651531078E-002
   8.8599999999999994       0.69368596818862727     
   8.8800000000000008       0.78214971878114292     
   8.9000000000000004       0.30415865442981399     
   8.9199999999999999       0.29891160957664392     
   8.9399999999999995       0.94029075975787679     
   8.9600000000000009       0.94643752633274492     
   8.9800000000000004       0.80467909039214580     
   9.0000000000000000       0.41679809674773305     
   9.0199999999999996       0.46527234120335098     
   9.0399999999999991       0.95638137715045368     
   9.0600000000000005       0.27792381789689141     
   9.0800000000000001       0.84921712625072476     
   9.0999999999999996       0.64324100325104061     
   9.1199999999999992       0.48400938396017495     
   9.1400000000000006       0.36827155120345084     
   9.1600000000000001       0.90546032392981524     
   9.1799999999999997       0.32581714152937180     
   9.1999999999999993        1.6148815543253998E-002
   9.2200000000000006       0.13489146230343455     
   9.2400000000000002       0.92086606866417220     
   9.2599999999999998       0.25668550494283515     
   9.2799999999999994       0.55338229529853022     
   9.3000000000000007       0.40002425585509871     
   9.3200000000000003       0.78226663152234133     
   9.3399999999999999       0.28672818639364916     
   9.3599999999999994       0.72969059688091487     
   9.3800000000000008       0.91439890021434500     
   9.4000000000000004       0.11394528448103848     
   9.4199999999999999        5.9732975958255434E-002
   9.4399999999999995        6.1529100503757898E-004
   9.4600000000000009       0.95728848404139377     
   9.4800000000000004       0.34386631669917506     
   9.5000000000000000       0.17018563724534200     
   9.5199999999999996       0.94914231414553718     
   9.5399999999999991       0.82837010975415004     
   9.5600000000000005       0.97252509427607980     
   9.5800000000000001       0.10770914228857231     
   9.5999999999999996       0.68867018152880555     
   9.6199999999999992        8.1493786720850412E-005
   9.6400000000000006       0.66056009851585706     
   9.6600000000000001        4.3296114956343008E-002
   9.6799999999999997       0.80144858344418646     
   9.6999999999999993       0.76750770462901119     
   9.7200000000000006       0.77237822324454397     
   9.7400000000000002       0.57163400946567622     
   9.7599999999999998       0.95466270902353689     
   9.7799999999999994       0.43141013328079320     
   9.8000000000000007       0.34551254343649929     
   9.8200000000000003       0.94428391445932880     
   9.8399999999999999       0.10256064499001322     
   9.8599999999999994       0.55769154843025104     
   9.8800000000000008       0.96113116995896430     
   9.9000000000000004        3.2783735962771628E-002
   9.9199999999999999       0.86075729639556631     
   9.9399999999999995       0.61951313307632427     
   9.9600000000000009        9.3393000095529366E-003
   9.9800000000000004       0.37286515414188598     
   10.000000000000000       0.45115347582841248     
   10.020000000000000       0.63149276996121506     
   10.039999999999999       0.19352752529239928     
   10.060000000000000       0.52157309890697889     
   10.080000000000000       0.65069309720368018     
   10.100000000000000       0.79496979530687750     
   10.119999999999999       0.48205467836586907     
   10.140000000000001       0.94774736069873111     
   10.160000000000000       0.67860345420264123     
   10.180000000000000       0.21470942886286842     
   10.199999999999999       0.65014553831979383     
   10.220000000000001       0.17451971661520849     
   10.240000000000000       0.63038319311074265     
   10.260000000000000        1.6393681629140934E-002
   10.279999999999999       0.65097960426756218     
   10.300000000000001        5.3191382042311304E-003
   10.320000000000000       0.19746117001783986     
   10.340000000000000       0.76694115466818624     
   10.359999999999999       0.97790378390015031     
   10.380000000000001       0.23498918304074531     
   10.400000000000000       0.72656468300106303     
   10.420000000000000       0.76260043985208770     
   10.440000000000000       0.72037034841557335     
   10.460000000000001       0.27136654852729081     
   10.480000000000000       0.96153464818121426     
   10.500000000000000       0.59315915265081598     
   10.520000000000000       0.46896092779690374     
   10.539999999999999       0.83385201973283563     
   10.560000000000000       0.26582067408117771     
   10.580000000000000        8.0468571209973291E-002
   10.600000000000000       0.66037987812347143     
   10.619999999999999       0.55096946530905477     
   10.640000000000001       0.24381067138150769     
   10.660000000000000       0.85678267683774190     
   10.680000000000000        8.2434328910286167E-002
   10.699999999999999       0.85215578449655582     
   10.720000000000001       0.12477873428352361     
   10.740000000000000       0.88842017932481032     
   10.760000000000000        4.9812973473556274E-002
   10.779999999999999       0.29862903810026359     
   10.800000000000001       0.96081019361640674     
   10.820000000000000       0.78005736202457032     
   10.840000000000000        5.4321590857511447E-002
   10.859999999999999       0.88292738181073160     
   10.880000000000001        3.1946742837036392E-002
   10.900000000000000        8.3236596026927928E-002
   10.920000000000000       0.12961371046559475     
   10.940000000000000       0.96465997401940073     
   10.960000000000001       0.10611052583513918     
   10.980000000000000       0.88637703759077058     
   11.000000000000000       0.58284052003902975     
   11.020000000000000       0.87049306560672590     
   11.039999999999999       0.42196740863911825     
   11.060000000000000       0.75455082613470081     
   11.080000000000000       0.57069493498798385     
   11.100000000000000       0.50214205690722158     
   11.119999999999999       0.90776818225209066     
   11.140000000000001       0.12603312155042520     
   11.160000000000000       0.21055129872099132     
   11.180000000000000       0.59260645997086048     
   11.199999999999999       0.51810257780385494     
   11.220000000000001       0.44426800029822527     
   11.240000000000000       0.31847996437237208     
   11.260000000000000       0.93181061765801099     
   11.279999999999999       0.20820209030502149     
   11.300000000000001       0.74354734162153535     
   11.320000000000000       0.33171664618778979     
   11.340000000000000       0.92992116031805727     
   11.359999999999999       0.84891653086458518     
   11.380000000000001        1.5791823780582196E-002
   11.400000000000000       0.87517192672672262     
   11.420000000000000       0.64288901070796833     
   11.440000000000000        6.8775730290496537E-002
   11.460000000000001       0.50206659077675364     
   11.480000000000000       0.12150968669272288     
   11.500000000000000       0.32459158544822964     
   11.520000000000000       0.73622473410450362     
   11.539999999999999        7.3183988560064924E-005
   11.560000000000000       0.56499778674606116     
   11.580000000000000       0.73583754062972595     
   11.600000000000000       0.77647092367102255     
   11.619999999999999        2.9253856469525813E-003
   11.640000000000001        9.1576976640615204E-002
   11.660000000000000       0.88373522512573588     
   11.680000000000000       0.90796749714728164     
   11.699999999999999       0.98901982396314603     
   11.720000000000001       0.85245580171792357     
   11.740000000000000       0.35612796375409755     
   11.760000000000000       0.18038215527574281     
   11.779999999999999       0.32358455801973984     
   11.800000000000001        7.8787062038272997E-003
   11.820000000000000       0.33515845964060126     
   11.840000000000000       0.98391851560977572     
   11.859999999999999       0.29022945552148233     
   11.880000000000001       0.37915952123472696     
   11.900000000000000       0.75192200642432228     
   11.920000000000000       0.97399530774894194     
   11.940000000000000       0.89219249067810780     
   11.960000000000001       0.80553342319217824     
   11.980000000000000       0.95587566362934095     
   12.000000000000000       0.35336930990473026     
   12.020000000000000       0.93518664261935558     
   12.039999999999999       0.16213726553165400     
   12.060000000000000        3.3312269190126982E-002
   12.080000000000000       0.85211957700433927     
   12.100000000000000       0.43591106170162836     
   12.119999999999999       0.96440233715134460     
   12.140000000000001       0.94642851166261777     
   12.160000000000000       0.31956184456386555     
   12.180000000000000       0.93678439859012386     
   12.199999999999999       0.97768164712548966     
   12.220000000000001        4.1345701717681566E-002
   12.240000000000000       0.94455176899040671     
   12.260000000000000       0.97641401526886629     
   12.279999999999999        2.2678615739343097E-003
   12.300000000000001       0.98130921306732299     
   12.320000000000000       0.36721129738810399     
   12.340000000000000       0.95597072696490992     
   12.359999999999999       0.84678170966904187     
   12.380000000000001       0.16356560674223222     
   12.400000000000000       0.49826929005360698     
   12.420000000000000       0.35381932378757480     
   12.440000000000000       0.10134765913198579     
   12.460000000000001       0.20790368494961611     
   12.480000000000000       0.23174184082743676     
   12.500000000000000       0.89780634489851896     
   12.520000000000000       0.63257245915029869     
   12.539999999999999       0.66519226547320021     
   12.560000000000000       0.78516615969181380     
   12.580000000000000        1.1624872334782264E-003
   12.600000000000000        1.2755157687032321E-002
   12.619999999999999       0.10350946348598575     
   12.640000000000001        5.0297844189177508E-002
   12.660000000000000        8.4934204433068483E-002
   12.680000000000000       0.41896172667240839     
   12.699999999999999       0.98271804852058253     
   12.720000000000001       0.35295883533845734     
   12.740000000000000       0.90018538342739485     
   12.760000000000000       0.75349145661442674     
   12.779999999999999       0.33165618026341198     
   12.800000000000001       0.92750478660579594     
   12.820000000000000       0.85879775234697642     
   12.840000000000000       0.98766751389703367     
   12.859999999999999       0.10881377919368646     
   12.880000000000001       0.66681767209817489     
   12.900000000000000        5.5009342551675521E-002
   12.920000000000000       0.44066118342785843     
   12.940000000000000       0.61291616836066110     
   12.960000000000001       0.93242347105231893     
   12.980000000000000       0.69799707151939894     
   13.000000000000000       0.79049384380998144     
   13.020000000000000        1.3037575438459372E-002
   13.039999999999999       0.88305736826630843     
   13.060000000000000       0.90420605644130214     
   13.080000000000000       0.86560706999202097     
   13.100000000000000       0.96768779996957632     
   13.119999999999999       0.46965224792391924     
   13.140000000000001       0.41260494463701181     
   13.160000000000000       0.86183379303853314     
   13.180000000000000       0.90279383168639304     
   13.199999999999999       0.36747152770657038     
   13.220000000000001        7.4345593247771957E-002
   13.240000000000000       0.16207460594283427     
   13.260000000000000       0.24084886642708433     
   13.279999999999999       0.10842560982529344     
   13.300000000000001       0.64540795899758652     
   13.320000000000000       0.94774212552408954     
   13.340000000000000        7.5440128249355920E-002
   13.359999999999999       0.53285048681802072     
   13.380000000000001       0.70397125113075099     
   13.400000000000000        8.1050536641860474E-002
   13.420000000000000       0.90418725362250174     
   13.440000000000000        2.9515932807873567E-003
   13.460000000000001       0.60818352394221520     
   13.480000000000000       0.72892580254020678     
   13.500000000000000       0.16256301342416213     
   13.520000000000000       0.89604025138564669     
   13.539999999999999       0.67647463693005372     
   13.560000000000000       0.42239718512126584     
   13.580000000000000        1.0805930639423939E-002
   13.600000000000000        4.4869153113493354E-003
   13.619999999999999       0.52323654841087830     
   13.640000000000001       0.20270621674926967     
   13.660000000000000        3.0812128621495072E-002
   13.680000000000000       0.81767678200985217     
   13.699999999999999       0.45744794791999371     
   13.720000000000001       0.22559451937999578     
   13.740000000000000       0.75060853656713733     
   13.760000000000000       0.90295027380403903     
   13.779999999999999       0.61265028714398839     
   13.800000000000001       0.96774193226867222     
   13.820000000000000       0.79763914620098586     
   13.840000000000000        1.5500437189588030E-002
   13.859999999999999       0.95363316024629030     
   13.880000000000001       0.64627142100235069     
   13.900000000000000       0.22904368329441704     
   13.920000000000000       0.82847516663329412     
   13.940000000000000       0.98525916647441625     
   13.960000000000001       0.52538067164309865     
   13.980000000000000       0.21865243199177761     
   14.000000000000000       0.15853980507959950     
   14.020000000000000       0.24312296716949439     
   14.039999999999999       0.95104829563671911     
   14.060000000000000       0.61876366046375841     
   14.080000000000000       0.36920791180919260     
   14.100000000000000       0.89722565342065608     
   14.119999999999999       0.13381359772840470     
   14.140000000000001        4.1970696508146013E-002
   14.160000000000000        7.9117401325010453E-004
   14.180000000000000       0.29880120385508308     
   14.199999999999999        8.8814755745203460E-003
   14.220000000000001       0.19357122786386499     
   14.240000000000000       0.26646838275189044     
   14.260000000000000       0.19092645661917415     
   14.279999999999999       0.33937059314473705     
   14.300000000000001        9.0316972332989395E-002
   14.320000000000000        5.8983390890701072E-002
   14.340000000000000       0.21099843780873309     
   14.359999999999999       0.13740905933936348     
   14.380000000000001        5.9993801179111073E-002
   14.400000000000000       0.23524511643413354     
   14.420000000000000       0.96592095415742441     
   14.440000000000000       0.82561974891661671     
   14.460000000000001       0.92206459990324130     
   14.480000000000000       0.72899325518472324     
   14.500000000000000       0.98975773604872497     
   14.520000000000000       0.32324139031206706     
   14.539999999999999       0.63077678779307544     
   14.560000000000000        1.3505346271339763E-002
   14.580000000000000        1.2839441514104182E-003
   14.600000000000000       0.37466590821621204     
   14.619999999999999       0.38452390972545841     
   14.640000000000001       0.12136880805114959     
   14.660000000000000       0.99317968299310488     
   14.680000000000000       0.70853844898814133     
   14.699999999999999        6.2073435572174887E-002
   14.720000000000001       0.40410170988805544     
   14.740000000000000       0.93757274567002136     
   14.760000000000000       0.27430513152903441     
   14.779999999999999       0.60880229494992821     
   14.800000000000001       0.88019881893708707     
   14.820000000000000        9.7170395254785782E-002
   14.840000000000000        1.9115413042447304E-002
   14.859999999999999       0.92902543353811340     
   14.880000000000001       0.87992574918335098     
   14.900000000000000       0.13249967716955513     
   14.920000000000000        7.2182253735721055E-002
   14.940000000000000       0.47211397845743752     
   14.960000000000001       0.16905179759974195     
   14.980000000000000       0.46558857603985154     
   15.000000000000000       0.24191529731480785     
   15.020000000000000       0.16189312678894396     
   15.039999999999999       0.25235314304863715     
   15.060000000000000        7.5838037939719480E-002
   15.080000000000000       0.62058600845196255     
   15.100000000000000        3.1202172246912074E-002
   15.119999999999999       0.64705822334688179     
   15.140000000000001        5.1452726034951698E-002
   15.160000000000000        4.0916489533076713E-003
   15.180000000000000       0.90692097115772075     
   15.199999999999999       0.61213042721721489     
   15.220000000000001       0.95086542921502959     
   15.240000000000000        2.3948966543767564E-003
   15.260000000000000       0.15769764422439972     
   15.279999999999999       0.11432207702322776     
   15.300000000000001       0.27291458654836481     
   15.320000000000000       0.74889581839862385     
   15.340000000000000        3.1155402507199163E-002
   15.359999999999999       0.71940918349490224     
   15.380000000000001       0.22294038637399780     
   15.400000000000000        1.5510992186610036E-002
   15.420000000000000       0.28897090486479982     
   15.440000000000000       0.61208485368679433     
   15.460000000000001        9.5429538452963933E-004
   15.480000000000000       0.99032700896673509     
   15.500000000000000       0.97015223956349306     
   15.520000000000000       0.82020872495420150     
   15.539999999999999       0.10847067879296515     
   15.560000000000000        2.9493698489992778E-002
   15.580000000000000       0.15298984094236262     
   15.600000000000000       0.73423062819317975     
   15.619999999999999       0.28063079732809282     
   15.640000000000001        4.2401784833053284E-002
   15.660000000000000        6.7799559792734790E-002
   15.680000000000000       0.75635508513266558     
   15.699999999999999       0.55191806339408878     
   15.720000000000001       0.52376545317575485     
   15.740000000000000       0.39230709313614220     
   15.760000000000000       0.30259444319583167     
   15.779999999999999       0.81778007156006016     
   15.800000000000001       0.84979556092536479     
   15.820000000000000       0.95518832149638455     
   15.840000000000000       0.59116075735612728     
   15.859999999999999       0.33940919662343599     
   15.880000000000001        8.9643930849552717E-002
   15.900000000000000        9.3111248229569329E-002
   15.920000000000000       0.33516264382692523     
   15.940000000000000       0.95999564230433065     
   15.960000000000001        7.7386829356069898E-005
   15.980000000000000       0.20520962855649896     
   16.000000000000000        7.8303582331542609E-002
   16.020000000000000        1.1981190120036976E-003
   16.039999999999999       0.72046327491067319     
   16.059999999999999       0.71682562766971192     
   16.079999999999998       0.92807593960230383     
   16.100000000000001        5.3739778448860451E-003
   16.120000000000001       0.29313513949890740     
   16.140000000000001       0.39664268426321853     
   16.160000000000000       0.95281085736135440     
   16.180000000000000       0.26560693946487174     
   16.199999999999999       0.97190010728318121     
   16.219999999999999       0.35194107803558228     
   16.239999999999998       0.16872376451695881     
   16.260000000000002       0.25771545828031694     
   16.280000000000001        7.7211580707083863E-005
   16.300000000000001       0.38089613874989264     
   16.320000000000000       0.80454277296758681     
   16.340000000000000        1.6566857068836807E-003
   16.359999999999999       0.89527422691791270     
   16.379999999999999       0.19274657990409133     
   16.399999999999999        8.9977166239223125E-002
   16.420000000000002       0.15655168544154496     
   16.440000000000001       0.63311958961128689     
   16.460000000000001       0.73029038781523237     
   16.480000000000000       0.22251343464892176     
   16.500000000000000       0.17853132346500536     
   16.520000000000000       0.66713361198136378     
   16.539999999999999       0.88474538956479853     
   16.559999999999999        1.5682632167639753E-003
