   2.0000000000000000E-002  0.65770705440861799     
   4.0000000000000001E-002  0.56355731298905187     
   5.9999999999999998E-002  0.43742344110068776     
   8.0000000000000002E-002  0.12311531060692266     
  0.10000000000000001        4.3201626817293490E-002
  0.12000000000000000        2.4252008049958765E-002
  0.14000000000000001        4.5720617079978683E-003
  0.16000000000000000        1.0080091119488571E-002
  0.17999999999999999        2.0497023931283723E-002
  0.20000000000000001        2.4577281939645847E-002
  0.22000000000000000        2.1728793993546453E-002
  0.23999999999999999        3.3554419786501252E-003
  0.26000000000000001        2.0656644562154269E-002
  0.28000000000000003        9.1432841102578773E-003
  0.29999999999999999        2.5310827329657989E-002
  0.32000000000000001        9.8636280141781402E-004
  0.34000000000000002        1.8581990395448181E-002
  0.35999999999999999        5.7766914136693276E-003
  0.38000000000000000        2.6003246478803851E-004
  0.40000000000000002        1.8927163288095846E-002
  0.41999999999999998        2.1555476502277396E-003
  0.44000000000000000        2.5512722237403113E-002
  0.46000000000000002        2.6056462363931433E-002
  0.47999999999999998        3.2121209253446479E-003
  0.50000000000000000        1.7149239261449761E-002
  0.52000000000000002        1.8162343743323907E-002
  0.54000000000000004        2.6704755303731094E-003
  0.56000000000000005        2.0805342651852458E-002
  0.57999999999999996        8.1774740519198422E-003
  0.59999999999999998        1.1478033615326136E-002
  0.62000000000000000        2.1795405495255021E-002
  0.64000000000000001        2.9430666684430121E-003
  0.66000000000000003        2.0507311382553985E-002
  0.68000000000000005        1.7534529541563659E-002
  0.69999999999999996        1.3114256656027036E-002
  0.71999999999999997        9.9155368800327224E-004
  0.73999999999999999        4.7752013533214621E-002
  0.76000000000000001        1.1922599053211115E-002
  0.78000000000000003        1.8216398849009129E-002
  0.80000000000000004        9.9408109956572880E-005
  0.81999999999999995        2.4251841967299469E-002
  0.83999999999999997        2.0634761870699420E-002
  0.85999999999999999        4.5965671761653136E-002
  0.88000000000000000        2.5849359811577682E-002
  0.90000000000000002        4.7816138580495618E-002
  0.92000000000000004        1.2219832334099894E-002
  0.93999999999999995        4.0419617278555199E-003
  0.95999999999999996        9.2708380424674384E-004
  0.97999999999999998        1.5823866815535483E-003
   1.0000000000000000        1.3404189727095358E-002
   1.0200000000000000        3.2342438308358000E-002
   1.0400000000000000        1.4534936843782203E-003
   1.0600000000000001        4.3061748105714837E-002
   1.0800000000000001        1.8383647426111292E-002
   1.1000000000000001        4.3946402456146609E-002
   1.1200000000000001        3.6548364982776130E-003
   1.1399999999999999        3.1739337724553574E-003
   1.1599999999999999        1.3362168321253460E-002
   1.1799999999999999        2.3078739853929543E-002
   1.2000000000000000        3.4282078204206527E-002
   1.2200000000000000        3.5196510559667681E-002
   1.2400000000000000        9.4339682227380303E-003
   1.2600000000000000        3.4168394821499429E-003
   1.2800000000000000        1.6683187254260788E-002
   1.3000000000000000        3.8129889666421189E-002
   1.3200000000000001        7.3297621992864881E-002
   1.3400000000000001        1.0138915540590076E-002
   1.3600000000000001        1.5892329296801788E-002
   1.3799999999999999        1.7647005809511826E-002
   1.3999999999999999        5.0443630705703270E-003
   1.4199999999999999        3.5037783314621686E-002
   1.4399999999999999        8.0623793513955426E-003
   1.4600000000000000        3.9658182615477440E-002
   1.4800000000000000        1.4051820157291534E-002
   1.5000000000000000        2.8307122117550414E-003
   1.5200000000000000        9.7918244266625987E-003
   1.5400000000000000        4.1740231944797777E-002
   1.5600000000000001        2.4554561912790204E-002
   1.5800000000000001       0.10570589182784168     
   1.6000000000000001        1.3089251312425138E-002
   1.6200000000000001        6.1930043525747691E-003
   1.6399999999999999        4.0616109644599123E-003
   1.6599999999999999        2.5625016744751126E-002
   1.6799999999999999        1.2664491542641364E-003
   1.7000000000000000        4.3101230310365279E-002
   1.7200000000000000        2.8217314863270899E-002
   1.7400000000000000        2.0363372046219304E-002
   1.7600000000000000        4.4096540644765090E-003
   1.7800000000000000        1.0862272910043588E-003
   1.8000000000000000        1.8349119161671746E-002
   1.8200000000000001        9.9175233621475213E-003
   1.8400000000000001        2.4103708506825222E-002
   1.8600000000000001        1.8151931677771717E-002
   1.8799999999999999        4.1936911749948888E-002
   1.8999999999999999        1.8302483349522614E-002
   1.9199999999999999        1.5529124738332475E-002
   1.9399999999999999        4.9460233616869867E-002
   1.9600000000000000        1.7548439220248024E-002
   1.9800000000000000        7.0382472004195520E-002
   2.0000000000000000        4.5913428835306316E-002
   2.0200000000000000        1.6433477738896123E-002
   2.0400000000000000        2.6258813259420592E-002
   2.0600000000000001        4.2555876527812925E-002
   2.0800000000000001        1.9833601940809187E-002
   2.1000000000000001        1.7013435274436807E-002
   2.1200000000000001        3.1413460731385269E-002
   2.1400000000000001       0.11966055520071735     
   2.1600000000000001        3.0460416901192590E-002
   2.1800000000000002        2.1836261982426851E-002
   2.2000000000000002        2.9590894937545020E-002
   2.2200000000000002        6.2996655196179280E-002
   2.2400000000000002        1.0945550912714614E-002
   2.2599999999999998        7.3404350144953209E-003
   2.2799999999999998        8.8132697367140321E-003
   2.2999999999999998        2.5796170858103203E-002
   2.3199999999999998        6.0798677259261601E-002
   2.3399999999999999        1.5237106851913877E-002
   2.3599999999999999        4.2661564882913103E-002
   2.3799999999999999        9.9437183090881655E-003
   2.3999999999999999        1.8223278852579738E-002
   2.4199999999999999        3.3322045731540031E-002
   2.4399999999999999        3.7654532371315177E-002
   2.4600000000000000        2.1064624729551895E-002
   2.4800000000000000        9.3035754508251148E-003
   2.5000000000000000        2.8572049360373997E-002
   2.5200000000000000        8.2648578748493698E-002
   2.5400000000000000        2.0216712851875523E-002
   2.5600000000000001        2.4366883027670535E-002
   2.5800000000000001        3.4061686906223708E-002
   2.6000000000000001        4.2623016510910369E-002
   2.6200000000000001        8.0584095074036619E-002
   2.6400000000000001        2.5525903729911911E-002
   2.6600000000000001        3.3313872927334474E-002
   2.6800000000000002        2.2941081418972036E-002
   2.7000000000000002        1.9980833564490499E-002
   2.7200000000000002        5.8687208091132377E-002
   2.7400000000000002        2.2887826702548034E-002
   2.7599999999999998        4.8539106236524188E-002
   2.7799999999999998        2.4242135941241562E-002
   2.7999999999999998        3.2833799750400790E-003
   2.8199999999999998        7.3858103088131344E-002
   2.8399999999999999        6.5184052839183507E-002
   2.8599999999999999        4.5303985710400362E-003
   2.8799999999999999        6.5952882683405739E-002
   2.8999999999999999        1.2908313380893708E-002
   2.9199999999999999        2.7560366558091118E-002
   2.9399999999999999        7.1391040606522738E-002
   2.9600000000000000        9.8974303862637128E-002
   2.9800000000000000        5.7639855214530925E-002
   3.0000000000000000        5.8829010412747018E-002
   3.0200000000000000        3.1945812987272303E-002
   3.0400000000000000        4.0878899507757652E-002
   3.0600000000000001        8.0515771589773161E-002
   3.0800000000000001        6.9503312088944252E-002
   3.1000000000000001        4.0139349778886193E-003
   3.1200000000000001        5.0613500591642116E-002
   3.1400000000000001        7.1820535085831097E-002
   3.1600000000000001        1.9239043007001213E-002
   3.1800000000000002        3.5143997920248735E-002
   3.2000000000000002        3.3169339230015402E-002
   3.2200000000000002        4.3452538272284083E-002
   3.2400000000000002        4.2177642475254955E-002
   3.2599999999999998        7.0826344762919949E-002
   3.2799999999999998        1.5496378305149071E-002
   3.2999999999999998        7.1572203305252935E-002
   3.3199999999999998       0.11490869059189218     
   3.3399999999999999        6.7032369789777765E-002
   3.3599999999999999        2.2208422015414685E-002
   3.3799999999999999        5.0384736726452974E-002
   3.3999999999999999        6.2134838689748194E-002
   3.4199999999999999        6.9028364884385268E-002
   3.4399999999999999        7.5158150126447915E-002
   3.4600000000000000        8.8019676359194221E-002
   3.4800000000000000        5.5118881505519260E-002
   3.5000000000000000        8.0940171966679020E-002
   3.5200000000000000        4.4688928866080134E-002
   3.5400000000000000        7.6635888363293277E-003
   3.5600000000000001        3.8925496383747732E-002
   3.5800000000000001        5.9189370197330698E-002
   3.6000000000000001        5.5780776371336653E-002
   3.6200000000000001        5.9947623399754527E-002
   3.6400000000000001        7.2451577676907505E-002
   3.6600000000000001        2.4089770560373775E-002
   3.6800000000000002        7.3621227857305030E-002
   3.7000000000000002        4.2377343193903766E-002
   3.7200000000000002        9.8172413994541963E-002
   3.7400000000000002        6.1609506666437518E-002
   3.7599999999999998        4.8191945439443426E-002
   3.7799999999999998       0.13264947417598522     
   3.7999999999999998        7.7846066223268270E-002
   3.8199999999999998        8.2703117036027105E-002
   3.8399999999999999        5.1577414103700654E-002
   3.8599999999999999        1.0496751249496736E-002
   3.8799999999999999       0.10275345669008037     
   3.8999999999999999        8.9821553015518169E-002
   3.9199999999999999        6.7636436890125703E-002
   3.9399999999999999        7.3389795482067435E-002
   3.9600000000000000        9.5904064369218819E-002
   3.9800000000000000        3.7431387550995822E-002
   4.0000000000000000        3.2486603762073449E-002
   4.0199999999999996        9.2568859253374020E-002
   4.0400000000000000        6.8148034320528780E-002
   4.0599999999999996        9.3960071359416933E-002
   4.0800000000000001        8.6396557536352864E-002
   4.0999999999999996       0.10620511684469594     
   4.1200000000000001        4.6605616127105266E-002
   4.1399999999999997        9.8873196386324635E-002
   4.1600000000000001        6.7503180993504872E-002
   4.1799999999999997        9.5510010148881205E-002
   4.2000000000000002        6.3216093018033895E-002
   4.2199999999999998       0.10742858076269166     
   4.2400000000000002       0.15012762361220369     
   4.2599999999999998        8.3789163125281146E-002
   4.2800000000000002       0.14540509019507727     
   4.2999999999999998       0.13844638211622623     
   4.3200000000000003        8.3172703525813602E-002
   4.3399999999999999        9.9221895545379954E-002
   4.3600000000000003       0.16053981296018280     
   4.3799999999999999        9.4971807171562520E-002
   4.4000000000000004        5.9618677080188517E-002
   4.4199999999999999       0.14544083972675759     
   4.4400000000000004       0.15720720154099466     
   4.4600000000000000       0.14724495856628342     
   4.4800000000000004       0.12827524853527264     
   4.5000000000000000       0.18571434798780778     
   4.5199999999999996       0.18093126888807956     
   4.5400000000000000        7.1364478915449781E-002
   4.5599999999999996       0.18277017887242619     
   4.5800000000000001        9.6606612502900285E-002
   4.5999999999999996        6.4547483729433669E-002
   4.6200000000000001       0.13591988440837627     
   4.6399999999999997       0.17106878816857773     
   4.6600000000000001       0.12203642391697744     
   4.6799999999999997       0.13075883532027044     
   4.7000000000000002        9.0349197054123684E-002
   4.7199999999999998       0.13958384457993339     
   4.7400000000000002       0.13640152453876853     
   4.7599999999999998       0.12954064896681391     
   4.7800000000000002        4.4569169820768001E-002
   4.7999999999999998       0.17912969434245762     
   4.8200000000000003        9.4328325549155184E-002
   4.8399999999999999       0.15034233410783729     
   4.8600000000000003       0.15318062561102269     
   4.8799999999999999        7.7880384022107674E-002
   4.9000000000000004       0.11179088900120360     
   4.9199999999999999       0.14415159541106484     
   4.9400000000000004       0.13109822557147960     
   4.9600000000000000        9.5558571534433867E-002
   4.9800000000000004       0.22388907347950446     
   5.0000000000000000       0.19836778571278796     
   5.0199999999999996       0.15141439999355591     
   5.0400000000000000       0.19595412274149526     
   5.0599999999999996       0.19548896907313809     
   5.0800000000000001       0.24932862558715269     
   5.0999999999999996       0.16297756974722449     
   5.1200000000000001       0.24440738175175025     
   5.1399999999999997       0.20019500491383840     
   5.1600000000000001       0.14767848411775866     
   5.1799999999999997       0.27299405443964975     
   5.2000000000000002       0.28474643365000046     
   5.2199999999999998       0.21549805782400031     
   5.2400000000000002       0.24582225981005085     
   5.2599999999999998       0.24203033167813989     
   5.2800000000000002       0.18618049582523255     
   5.2999999999999998       0.20792023912758384     
   5.3200000000000003       0.31620080659479627     
   5.3399999999999999       0.22509417965524151     
   5.3600000000000003       0.31950942803369287     
   5.3799999999999999       0.31875466726706114     
   5.4000000000000004       0.37291358273968950     
   5.4199999999999999       0.37986971110676021     
   5.4400000000000004       0.32452449098030833     
   5.4600000000000000       0.29214458836224261     
   5.4800000000000004       0.30603260926428782     
   5.5000000000000000       0.38758885307031871     
   5.5199999999999996       0.26957589674505722     
   5.5400000000000000       0.35183965429658937     
   5.5599999999999996       0.29274955698513083     
   5.5800000000000001       0.31765008125306327     
   5.5999999999999996       0.36361017137392343     
   5.6200000000000001       0.41561347787069902     
   5.6399999999999997       0.37281601961478178     
   5.6600000000000001       0.37867329302960900     
   5.6799999999999997       0.37908801644411205     
   5.7000000000000002       0.52915060198665387     
   5.7199999999999998       0.45786903791797828     
   5.7400000000000002       0.41381429146434778     
   5.7599999999999998       0.36015121901049008     
   5.7800000000000002       0.37038547211329081     
   5.7999999999999998       0.47872112606412570     
   5.8200000000000003       0.53047615861035335     
   5.8399999999999999       0.42819398718345142     
   5.8600000000000003       0.42630705476890313     
   5.8799999999999999       0.60850125807821809     
   5.9000000000000004       0.50720059321183075     
   5.9199999999999999       0.52463498770417039     
   5.9400000000000004       0.51056065306709653     
   5.9600000000000000       0.56945235600959809     
   5.9800000000000004       0.59839410301297236     
   6.0000000000000000       0.61792137181872075     
   6.0199999999999996       0.55786121488298490     
   6.0400000000000000       0.63553410065106275     
   6.0599999999999996       0.55986191129446794     
   6.0800000000000001       0.53426987738717102     
   6.0999999999999996       0.59735299675336972     
   6.1200000000000001       0.66665365640296814     
   6.1399999999999997       0.63927013415734979     
   6.1600000000000001       0.61229679660616598     
   6.1799999999999997       0.72043106120973921     
   6.2000000000000002       0.62415538648161706     
   6.2199999999999998       0.65906027590651839     
   6.2400000000000002       0.68111654156779111     
   6.2599999999999998       0.72387812539222574     
   6.2800000000000002       0.70791682096748365     
   6.2999999999999998       0.65745450631322033     
   6.3200000000000003       0.76379666505237831     
   6.3399999999999999       0.68099645542270459     
   6.3600000000000003       0.74272969153384971     
   6.3799999999999999       0.67684409615079277     
   6.4000000000000004       0.71098709395708870     
   6.4199999999999999       0.74712250898993748     
   6.4400000000000004       0.76455745570146549     
   6.4600000000000000       0.78957138829357287     
   6.4800000000000004       0.79123825173879370     
   6.5000000000000000       0.75443525850708204     
   6.5199999999999996       0.77338453316932287     
   6.5400000000000000       0.73110459795278304     
   6.5599999999999996       0.78838945687191997     
   6.5800000000000001       0.83427478295577706     
   6.5999999999999996       0.76377019694629000     
   6.6200000000000001       0.80371789772586255     
   6.6399999999999997       0.77388983968265534     
   6.6600000000000001       0.80392914772794943     
   6.6799999999999997       0.80598007610512012     
   6.7000000000000002       0.83335875988448238     
   6.7199999999999998       0.83091952669808911     
   6.7400000000000002       0.84654224861892380     
   6.7599999999999998       0.81712031501045612     
   6.7800000000000002       0.82527754878581217     
   6.7999999999999998       0.84614961569289315     
   6.8200000000000003       0.82424450030081287     
   6.8399999999999999       0.82280587742639455     
   6.8600000000000003       0.83597516071380140     
   6.8799999999999999       0.84715659878587524     
   6.9000000000000004       0.85741342557253619     
   6.9199999999999999       0.85355043741105541     
   6.9400000000000004       0.88033324078394459     
   6.9600000000000000       0.85402714608293373     
   6.9800000000000004       0.87920401055781128     
   7.0000000000000000       0.88783104854340422     
   7.0199999999999996       0.86376285921553431     
   7.0400000000000000       0.89564239835609316     
   7.0599999999999996       0.89986610929300170     
   7.0800000000000001       0.89302215465922397     
   7.0999999999999996       0.87815718467420922     
   7.1200000000000001       0.86177013982057371     
   7.1399999999999997       0.88966743271706428     
   7.1600000000000001       0.87870761715853696     
   7.1799999999999997       0.88220288161170934     
   7.2000000000000002       0.87771135550850576     
   7.2199999999999998       0.88420094035181029     
   7.2400000000000002       0.89759320755164840     
   7.2599999999999998       0.91514820524942797     
   7.2800000000000002       0.91137117544082347     
   7.2999999999999998       0.89477962429846847     
   7.3200000000000003       0.88815087634525336     
   7.3399999999999999       0.91643059207303368     
   7.3600000000000003       0.90780227579346850     
   7.3799999999999999       0.90757227739551127     
   7.4000000000000004       0.90912692108928927     
   7.4199999999999999       0.89846983453475660     
   7.4400000000000004       0.92624940362621944     
   7.4600000000000000       0.92008804338313865     
   7.4800000000000004       0.90017725930078551     
   7.5000000000000000       0.92045525716042798     
   7.5199999999999996       0.92575661932524511     
   7.5400000000000000       0.91958088194812015     
   7.5599999999999996       0.94058005763145547     
   7.5800000000000001       0.93132372950796571     
   7.5999999999999996       0.93061175027786536     
   7.6200000000000001       0.93067223580654002     
   7.6399999999999997       0.93935537854682771     
   7.6600000000000001       0.93332589688642931     
   7.6799999999999997       0.93438808541295260     
   7.7000000000000002       0.93236363050714877     
   7.7199999999999998       0.94479573973749897     
   7.7400000000000002       0.93671621376198899     
   7.7599999999999998       0.93907832103973510     
   7.7800000000000002       0.94116162216613475     
   7.7999999999999998       0.92956131329383895     
   7.8200000000000003       0.93441461446843466     
   7.8399999999999999       0.94574722981137405     
   7.8600000000000003       0.93978279779948748     
   7.8799999999999999       0.95666433241620363     
   7.9000000000000004       0.94595704158081262     
   7.9199999999999999       0.94621407326760254     
   7.9400000000000004       0.95111558595242196     
   7.9600000000000000       0.95404719538353455     
   7.9800000000000004       0.94788330587081870     
   8.0000000000000000       0.94660333064289670     
   8.0199999999999996       0.93045080262905211     
   8.0399999999999991       0.95989889905400649     
   8.0600000000000005       0.94522099548289729     
   8.0800000000000001       0.94636624190177954     
   8.0999999999999996       0.94764163228099252     
   8.1199999999999992       0.94708507387511676     
   8.1400000000000006       0.95810954680776261     
   8.1600000000000001       0.95663512522511318     
   8.1799999999999997       0.95715277560440737     
   8.1999999999999993       0.95306397252288422     
   8.2200000000000006       0.95874880808941065     
   8.2400000000000002       0.95653926707530901     
   8.2599999999999998       0.95166277022208556     
   8.2799999999999994       0.95194949715307597     
   8.3000000000000007       0.95695490291808893     
   8.3200000000000003       0.95896083356908801     
   8.3399999999999999       0.96692306250928017     
   8.3599999999999994       0.96539366790689485     
   8.3800000000000008       0.96431307713291248     
   8.4000000000000004       0.96576984508529151     
   8.4199999999999999       0.96303296583303122     
   8.4399999999999995       0.96302110095712523     
   8.4600000000000009       0.96982578823379229     
   8.4800000000000004       0.96404624118322746     
   8.5000000000000000       0.96013915669299688     
   8.5199999999999996       0.96960801385452844     
   8.5399999999999991       0.96568138118499447     
   8.5600000000000005       0.96094887173022325     
   8.5800000000000001       0.96431125606354628     
   8.5999999999999996       0.96459054615403272     
   8.6199999999999992       0.96721686708916421     
   8.6400000000000006       0.97288880938750522     
   8.6600000000000001       0.97319165270122232     
   8.6799999999999997       0.97066475512335715     
   8.6999999999999993       0.97376167127638591     
   8.7200000000000006       0.96873892010576856     
   8.7400000000000002       0.97120994842526243     
   8.7599999999999998       0.97182184895445056     
   8.7799999999999994       0.97117650703561786     
   8.8000000000000007       0.96718959189991038     
   8.8200000000000003       0.97301418740513812     
   8.8399999999999999       0.97649417485001122     
   8.8599999999999994       0.97438562588004562     
   8.8800000000000008       0.97058729065229044     
   8.9000000000000004       0.97311588701441232     
   8.9199999999999999       0.97134829891002306     
   8.9399999999999995       0.96893371052575716     
   8.9600000000000009       0.97621729615329356     
   8.9800000000000004       0.97013299639904405     
   9.0000000000000000       0.97728877097978128     
   9.0199999999999996       0.97551162736409491     
   9.0399999999999991       0.97838771063460650     
   9.0600000000000005       0.97710261838567525     
   9.0800000000000001       0.97567501088122854     
   9.0999999999999996       0.97675779639533311     
   9.1199999999999992       0.97299368231451722     
   9.1400000000000006       0.97349850344589939     
   9.1600000000000001       0.97842366085939214     
   9.1799999999999997       0.97507782507294793     
   9.1999999999999993       0.97622142873228956     
   9.2200000000000006       0.97926483847715717     
   9.2400000000000002       0.97804650407627491     
   9.2599999999999998       0.97844416807875001     
   9.2799999999999994       0.97831317188119127     
   9.3000000000000007       0.97765115298143657     
   9.3200000000000003       0.98091224156063339     
   9.3399999999999999       0.97562592687503047     
   9.3599999999999994       0.97970069322084030     
   9.3800000000000008       0.97696952488427824     
   9.4000000000000004       0.97800442137669785     
   9.4199999999999999       0.98061368309831820     
   9.4399999999999995       0.97938731844759408     
   9.4600000000000009       0.98069497362460334     
   9.4800000000000004       0.97845553998624979     
   9.5000000000000000       0.97944931061131613     
   9.5199999999999996       0.97912488396713993     
   9.5399999999999991       0.97868481762070347     
   9.5600000000000005       0.98334666340166221     
   9.5800000000000001       0.98017781929998682     
   9.5999999999999996       0.97873910179036450     
   9.6199999999999992       0.98147109765722296     
   9.6400000000000006       0.98130032629923192     
   9.6600000000000001       0.97938144717515185     
   9.6799999999999997       0.98197476465197508     
   9.6999999999999993       0.98227379459618602     
   9.7200000000000006       0.98159691876908339     
   9.7400000000000002       0.98356916801008021     
   9.7599999999999998       0.98651470364741778     
   9.7799999999999994       0.98077190434037698     
   9.8000000000000007       0.98360595917965232     
   9.8200000000000003       0.98222712378257437     
   9.8399999999999999       0.98169333330056363     
   9.8599999999999994       0.98116704109187847     
   9.8800000000000008       0.98517056444738571     
   9.9000000000000004       0.98411779948121325     
   9.9199999999999999       0.98624692263613134     
   9.9399999999999995       0.98343423485414028     
   9.9600000000000009       0.98269754042918178     
   9.9800000000000004       0.98354052535221781     
   10.000000000000000       0.98418942755845229     
   10.020000000000000       0.98199059027544500     
   10.039999999999999       0.98677081796046640     
   10.060000000000000       0.98659295200827635     
   10.080000000000000       0.98219352522377046     
   10.100000000000000       0.98582948461171716     
   10.119999999999999       0.98541987025445310     
   10.140000000000001       0.98788485466131248     
   10.160000000000000       0.98709582572321974     
   10.180000000000000       0.98562340186938091     
   10.199999999999999       0.98597957638365541     
   10.220000000000001       0.98491535994267909     
   10.240000000000000       0.98639887454138830     
   10.260000000000000       0.98900172875503578     
   10.279999999999999       0.98455136339088667     
   10.300000000000001       0.98368927960518704     
   10.320000000000000       0.98650678447747553     
   10.340000000000000       0.98719600849807243     
   10.359999999999999       0.98522559026293144     
   10.380000000000001       0.98830894944214065     
   10.400000000000000       0.98685151096319934     
   10.420000000000000       0.98617695702243080     
   10.440000000000000       0.98773285521253840     
   10.460000000000001       0.98841880264649851     
   10.480000000000000       0.98630522253615616     
   10.500000000000000       0.98925185509060432     
   10.520000000000000       0.98622189175012753     
   10.539999999999999       0.98737217292296386     
   10.560000000000000       0.98678614609326853     
   10.580000000000000       0.98744861648462012     
   10.600000000000000       0.98719340539348799     
   10.619999999999999       0.98583571981639562     
   10.640000000000001       0.98713661126213015     
   10.660000000000000       0.98855656361671618     
   10.680000000000000       0.98757556386882428     
   10.699999999999999       0.98993676135578179     
   10.720000000000001       0.98808945502038370     
   10.740000000000000       0.98863405141511684     
   10.760000000000000       0.98845013489814160     
   10.779999999999999       0.98880338698205428     
   10.800000000000001       0.98894904440085363     
   10.820000000000000       0.98856046458187308     
   10.840000000000000       0.98881822296304733     
   10.859999999999999       0.98881711485992740     
   10.880000000000001       0.98833863210457062     
   10.900000000000000       0.98826486713485084     
   10.920000000000000       0.98886207808186621     
   10.940000000000000       0.99077833180419050     
   10.960000000000001       0.98900868389259144     
   10.980000000000000       0.98948106111418777     
   11.000000000000000       0.98861076462834685     
   11.020000000000000       0.98748953038762366     
   11.039999999999999       0.98908048480862676     
   11.060000000000000       0.98988378800350585     
   11.080000000000000       0.99178237425723270     
   11.100000000000000       0.98869559671716756     
   11.119999999999999       0.99061657671543291     
   11.140000000000001       0.99038952794724811     
   11.160000000000000       0.98990032781627135     
   11.180000000000000       0.99177322884989072     
   11.199999999999999       0.99033051150716567     
   11.220000000000001       0.99149587561009456     
   11.240000000000000       0.99142472770896539     
   11.260000000000000       0.99090946570506167     
   11.279999999999999       0.99064238934084670     
   11.300000000000001       0.99048497340337438     
   11.320000000000000       0.98940562832888668     
   11.340000000000000       0.99086747599559721     
   11.359999999999999       0.99037894929644532     
   11.380000000000001       0.99050606429914523     
   11.400000000000000       0.99086065160169345     
   11.420000000000000       0.99054105509185031     
   11.440000000000000       0.99029783354646439     
   11.460000000000001       0.99231823291038834     
   11.480000000000000       0.99096628577015555     
   11.500000000000000       0.99162222438799597     
   11.520000000000000       0.99121525213153472     
   11.539999999999999       0.99196925777553002     
   11.560000000000000       0.99005769348006978     
   11.580000000000000       0.99057696088530900     
   11.600000000000000       0.99131922060647426     
   11.619999999999999       0.99169670363456552     
   11.640000000000001       0.99162604169447344     
   11.660000000000000       0.99138625485333676     
   11.680000000000000       0.99136232684480408     
   11.699999999999999       0.99090696392572797     
   11.720000000000001       0.99255493132830308     
   11.740000000000000       0.99242314631982131     
   11.760000000000000       0.99190839466657854     
   11.779999999999999       0.99235598361371791     
   11.800000000000001       0.99172021982356795     
   11.820000000000000       0.99259094759837718     
   11.840000000000000       0.99115175249118870     
   11.859999999999999       0.99113058613637983     
   11.880000000000001       0.99160479352225628     
   11.900000000000000       0.99244375094839565     
   11.920000000000000       0.99243789156719830     
   11.940000000000000       0.99238373624283360     
   11.960000000000001       0.99369132580075481     
   11.980000000000000       0.99154996118278715     
   12.000000000000000       0.99339599182016636     
   12.020000000000000       0.99226268341378199     
   12.039999999999999       0.99206577673833851     
   12.060000000000000       0.99309715073886951     
   12.080000000000000       0.99335822681511021     
   12.100000000000000       0.99282092091583141     
   12.119999999999999       0.99345089850238377     
   12.140000000000001       0.99314186499106238     
   12.160000000000000       0.99274565007127180     
   12.180000000000000       0.99259457984087474     
   12.199999999999999       0.99339939678589617     
   12.220000000000001       0.99273568271619161     
   12.240000000000000       0.99314176063255655     
   12.260000000000000       0.99271928250353547     
   12.279999999999999       0.99254310608929419     
   12.300000000000001       0.99292049792842474     
   12.320000000000000       0.99328660801664315     
   12.340000000000000       0.99307212620100194     
   12.359999999999999       0.99330304208215725     
   12.380000000000001       0.99343927229887330     
   12.400000000000000       0.99273341307938723     
   12.420000000000000       0.99391742808729489     
   12.440000000000000       0.99396922287062495     
   12.460000000000001       0.99327644668719917     
   12.480000000000000       0.99291476698182490     
   12.500000000000000       0.99365546990184106     
   12.520000000000000       0.99428249701323512     
   12.539999999999999       0.99317020101715991     
   12.560000000000000       0.99412114486577041     
   12.580000000000000       0.99348740662537727     
   12.600000000000000       0.99397578446601553     
   12.619999999999999       0.99302816211345724     
   12.640000000000001       0.99341161630363572     
   12.660000000000000       0.99332272951079226     
   12.680000000000000       0.99334674779406795     
   12.699999999999999       0.99331455268519808     
   12.720000000000001       0.99379937701016674     
   12.740000000000000       0.99413445805033307     
   12.760000000000000       0.99374004409675321     
   12.779999999999999       0.99405539090939787     
   12.800000000000001       0.99449559306696833     
   12.820000000000000       0.99426407392979910     
   12.840000000000000       0.99361733287434129     
   12.859999999999999       0.99328091554101938     
   12.880000000000001       0.99414428490845830     
   12.900000000000000       0.99412373506726759     
   12.920000000000000       0.99371448006649876     
   12.940000000000000       0.99471459997321476     
   12.960000000000001       0.99491867641049148     
   12.980000000000000       0.99422950820979583     
   13.000000000000000       0.99422703069557594     
   13.020000000000000       0.99427808428680109     
   13.039999999999999       0.99451269052924252     
   13.060000000000000       0.99478842139559331     
   13.080000000000000       0.99457639995131153     
   13.100000000000000       0.99503001885904929     
   13.119999999999999       0.99455634607888466     
   13.140000000000001       0.99469427171144398     
   13.160000000000000       0.99422920581396623     
   13.180000000000000       0.99493870487810554     
   13.199999999999999       0.99411883711609716     
   13.220000000000001       0.99470655483928638     
   13.240000000000000       0.99465070980611636     
   13.260000000000000       0.99485497464554629     
   13.279999999999999       0.99408410928564794     
   13.300000000000001       0.99465724441605463     
   13.320000000000000       0.99443866004740067     
   13.340000000000000       0.99474371266142825     
   13.359999999999999       0.99530499569018205     
   13.380000000000001       0.99462855316591536     
   13.400000000000000       0.99482418032963404     
   13.420000000000000       0.99511474015975176     
   13.440000000000000       0.99507292862149599     
   13.460000000000001       0.99498595333225193     
   13.480000000000000       0.99574257729138349     
   13.500000000000000       0.99509549554875409     
   13.520000000000000       0.99482689166500948     
   13.539999999999999       0.99503964117738075     
   13.560000000000000       0.99479636027683549     
   13.580000000000000       0.99487811357671041     
   13.600000000000000       0.99458008257683206     
   13.619999999999999       0.99522396560588633     
   13.640000000000001       0.99461799459393674     
   13.660000000000000       0.99526903420479496     
   13.680000000000000       0.99562681545040521     
   13.699999999999999       0.99530903557188410     
   13.720000000000001       0.99533125877090589     
   13.740000000000000       0.99514325936479520     
   13.760000000000000       0.99556613991411769     
   13.779999999999999       0.99580658065962036     
   13.800000000000001       0.99507731738018768     
   13.820000000000000       0.99529541139659927     
   13.840000000000000       0.99515123528846161     
   13.859999999999999       0.99461264077481382     
   13.880000000000001       0.99567013468582177     
   13.900000000000000       0.99423749634791525     
   13.920000000000000       0.99554367601446381     
   13.940000000000000       0.99491020135479125     
   13.960000000000001       0.99644946080164276     
   13.980000000000000       0.99604671144071177     
   14.000000000000000       0.99636206455580523     
   14.020000000000000       0.99578915849507166     
   14.039999999999999       0.99475192037474758     
   14.060000000000000       0.99529401910676674     
   14.080000000000000       0.99523924945072395     
   14.100000000000000       0.99601981269242357     
   14.119999999999999       0.99599074779165719     
   14.140000000000001       0.99574444272490070     
   14.160000000000000       0.99632219681176770     
   14.180000000000000       0.99580368486361648     
   14.199999999999999       0.99567491562284993     
   14.220000000000001       0.99532209376250813     
   14.240000000000000       0.99581041671562254     
   14.260000000000000       0.99579075230979375     
   14.279999999999999       0.99603813183313994     
   14.300000000000001       0.99608023427403924     
   14.320000000000000       0.99570490170593895     
   14.340000000000000       0.99628582514369657     
   14.359999999999999       0.99617207683607334     
   14.380000000000001       0.99614073322891694     
   14.400000000000000       0.99561864617587970     
   14.420000000000000       0.99577512064190676     
   14.440000000000000       0.99639625667929699     
   14.460000000000001       0.99653054560479570     
   14.480000000000000       0.99632299490117449     
   14.500000000000000       0.99528091975385413     
   14.520000000000000       0.99635858026761470     
   14.539999999999999       0.99627343967188398     
   14.560000000000000       0.99572942830956501     
   14.580000000000000       0.99640704201781538     
   14.600000000000000       0.99616784552225279     
   14.619999999999999       0.99605731754079396     
   14.640000000000001       0.99644728978422847     
   14.660000000000000       0.99640389571590648     
   14.680000000000000       0.99628900529324493     
   14.699999999999999       0.99597765182637243     
   14.720000000000001       0.99631644273705777     
   14.740000000000000       0.99611119539363069     
   14.760000000000000       0.99661582620133660     
   14.779999999999999       0.99646933045425456     
   14.800000000000001       0.99621650971776166     
   14.820000000000000       0.99600714803247992     
   14.840000000000000       0.99680619080730160     
   14.859999999999999       0.99705445452550179     
   14.880000000000001       0.99602304889674576     
   14.900000000000000       0.99629941248284626     
   14.920000000000000       0.99652299632809627     
   14.940000000000000       0.99563581277113067     
   14.960000000000001       0.99653723136083738     
   14.980000000000000       0.99666492939568951     
   15.000000000000000       0.99680097303121951     
   15.020000000000000       0.99628849193382019     
   15.039999999999999       0.99645668030824663     
   15.060000000000000       0.99668437192427950     
   15.080000000000000       0.99661025559470173     
   15.100000000000000       0.99668311505634410     
   15.119999999999999       0.99689341396108244     
   15.140000000000001       0.99676746095755697     
   15.160000000000000       0.99609816793118011     
   15.180000000000000       0.99694253887016537     
   15.199999999999999       0.99672605785182189     
   15.220000000000001       0.99680096230540460     
   15.240000000000000       0.99674675503239618     
   15.260000000000000       0.99635467666895849     
   15.279999999999999       0.99629636660376686     
   15.300000000000001       0.99652749843268140     
   15.320000000000000       0.99677371866675635     
   15.340000000000000       0.99685158032382559     
   15.359999999999999       0.99659481138425243     
   15.380000000000001       0.99694184428794119     
   15.400000000000000       0.99683465543492555     
   15.420000000000000       0.99670558206014581     
   15.440000000000000       0.99752865343848129     
   15.460000000000001       0.99701971624950358     
   15.480000000000000       0.99687745969586683     
   15.500000000000000       0.99619459557503331     
   15.520000000000000       0.99665917451861097     
   15.539999999999999       0.99714275577403955     
   15.560000000000000       0.99684456898856488     
   15.580000000000000       0.99737865407146287     
   15.600000000000000       0.99705139998887293     
   15.619999999999999       0.99715589383252579     
   15.640000000000001       0.99727617732976803     
   15.660000000000000       0.99758560687980591     
   15.680000000000000       0.99686786156898310     
   15.699999999999999       0.99653209737565041     
   15.720000000000001       0.99689647124297331     
   15.740000000000000       0.99695579059921835     
   15.760000000000000       0.99698714037773728     
   15.779999999999999       0.99695095744202011     
   15.800000000000001       0.99645202954670331     
   15.820000000000000       0.99734012257974025     
   15.840000000000000       0.99693659316258643     
   15.859999999999999       0.99695798405534741     
   15.880000000000001       0.99689107966490142     
   15.900000000000000       0.99672950681901984     
   15.920000000000000       0.99704680057476169     
   15.940000000000000       0.99709216627501052     
   15.960000000000001       0.99679399388624401     
   15.980000000000000       0.99691981377684269     
   16.000000000000000       0.99707481672832277     
   16.020000000000000       0.99716747089240731     
   16.039999999999999       0.99747507068734920     
   16.059999999999999       0.99703077596969747     
   16.079999999999998       0.99728269156807203     
   16.100000000000001       0.99679372063490179     
   16.120000000000001       0.99741554356465234     
   16.140000000000001       0.99714130150709501     
   16.160000000000000       0.99715951013727211     
   16.180000000000000       0.99748169930512154     
   16.199999999999999       0.99687386203139261     
   16.219999999999999       0.99729475483289520     
   16.239999999999998       0.99729753319075765     
   16.260000000000002       0.99700383243199520     
   16.280000000000001       0.99698833801951869     
   16.300000000000001       0.99753732710542131     
   16.320000000000000       0.99811175382067252     
   16.340000000000000       0.99768804661041510     
   16.359999999999999       0.99727884876983552     
   16.379999999999999       0.99716406392874934     
   16.399999999999999       0.99716418331345458     
   16.420000000000002       0.99760473324279619     
   16.440000000000001       0.99739131548908033     
   16.460000000000001       0.99746997667088766     
   16.480000000000000       0.99699735753538543     
   16.500000000000000       0.99701064460620636     
   16.520000000000000       0.99678709765084539     
   16.539999999999999       0.99728282905287391     
   16.559999999999999       0.99788116716897546     
